0.015625000 0.015625000 0.019531250 0.007812500 0.007812500 0.027343750 0.039062500 0.031250000 0.015625000 0.011718750 0.015625000 0.003906250 0.007812500 0.007812500 0.007812500 0.035156250 0.035156250 0.023437500 0.031250000 0.007812500 0.035156250 0.042968750 0.031250000 0.031250000 0.074218750 0.035156250 0.011718750 0.050781250 0.011718750 0.074218750 0.222656250 0.347656250 0.347656250 0.183593750 0.054687500 0.101562500 0.183593750 0.359375000 0.171875000 0.054687500 0.070312500 0.089843750 
0.007812500 0.011718750 0.015625000 0.011718750 0.011718750 0.015625000 0.015625000 0.015625000 0.007812500 0.007812500 0.011718750 0.011718750 0.003906250 0.000000000 0.000000000 0.000000000 0.000000000 0.000000000 0.000000000 0.000000000 0.000000000 0.000000000 0.000000000 0.000000000 0.000000000 0.000000000 0.000000000 0.000000000 0.011718750 0.031250000 0.058593750 0.066406250 0.070312500 0.054687500 0.027343750 0.000000000 0.000000000 0.000000000 0.000000000 0.000000000 0.011718750 0.085937500 
0.007812500 0.011718750 0.015625000 0.011718750 0.011718750 0.015625000 0.015625000 0.015625000 0.007812500 0.007812500 0.011718750 0.011718750 0.003906250 0.000000000 0.000000000 0.000000000 0.000000000 0.000000000 0.000000000 0.000000000 0.000000000 0.000000000 0.000000000 0.000000000 0.000000000 0.000000000 0.000000000 0.000000000 0.011718750 0.031250000 0.058593750 0.066406250 0.070312500 0.054687500 0.027343750 0.000000000 0.000000000 0.000000000 0.000000000 0.000000000 0.011718750 0.085937500 
0.007812500 0.011718750 0.015625000 0.011718750 0.011718750 0.015625000 0.015625000 0.015625000 0.007812500 0.007812500 0.011718750 0.011718750 0.003906250 0.000000000 0.000000000 0.000000000 0.000000000 0.000000000 0.000000000 0.000000000 0.000000000 0.000000000 0.000000000 0.000000000 0.000000000 0.000000000 0.000000000 0.000000000 0.011718750 0.031250000 0.058593750 0.066406250 0.070312500 0.054687500 0.027343750 0.000000000 0.000000000 0.000000000 0.000000000 0.000000000 0.011718750 0.085937500 
0.000000000 0.000000000 0.000000000 0.000000000 0.000000000 0.000000000 0.000000000 0.000000000 0.000000000 0.000000000 0.000000000 0.000000000 0.000000000 0.000000000 0.000000000 0.000000000 0.000000000 0.000000000 0.000000000 0.000000000 0.000000000 0.000000000 0.000000000 0.000000000 0.000000000 0.000000000 0.000000000 0.000000000 0.000000000 0.000000000 0.000000000 0.000000000 0.000000000 0.000000000 0.000000000 0.000000000 0.000000000 0.000000000 0.000000000 0.000000000 0.000000000 0.000000000 
0.000000000 0.000000000 0.000000000 0.000000000 0.000000000 0.000000000 0.000000000 0.000000000 0.000000000 0.000000000 0.000000000 0.000000000 0.000000000 0.000000000 0.000000000 0.000000000 0.000000000 0.000000000 0.000000000 0.000000000 0.000000000 0.000000000 0.000000000 0.000000000 0.000000000 0.000000000 0.000000000 0.000000000 0.000000000 0.000000000 0.000000000 0.000000000 0.000000000 0.000000000 0.000000000 0.000000000 0.000000000 0.000000000 0.000000000 0.000000000 0.000000000 0.000000000 
0.000000000 0.000000000 0.000000000 0.000000000 0.000000000 0.000000000 0.000000000 0.000000000 0.000000000 0.000000000 0.000000000 0.000000000 0.000000000 0.000000000 0.000000000 0.000000000 0.000000000 0.000000000 0.000000000 0.000000000 0.000000000 0.000000000 0.000000000 0.000000000 0.000000000 0.000000000 0.000000000 0.000000000 0.000000000 0.000000000 0.000000000 0.000000000 0.000000000 0.000000000 0.000000000 0.000000000 0.000000000 0.000000000 0.000000000 0.000000000 0.000000000 0.000000000 
0.000000000 0.000000000 0.000000000 0.000000000 0.000000000 0.000000000 0.000000000 0.000000000 0.000000000 0.000000000 0.000000000 0.000000000 0.000000000 0.000000000 0.000000000 0.000000000 0.000000000 0.000000000 0.000000000 0.000000000 0.000000000 0.000000000 0.000000000 0.000000000 0.000000000 0.000000000 0.000000000 0.000000000 0.000000000 0.000000000 0.000000000 0.000000000 0.000000000 0.000000000 0.000000000 0.000000000 0.000000000 0.000000000 0.000000000 0.000000000 0.000000000 0.000000000 
0.007812500 0.011718750 0.015625000 0.011718750 0.011718750 0.015625000 0.015625000 0.015625000 0.019531250 0.019531250 0.019531250 0.019531250 0.023437500 0.023437500 0.023437500 0.027343750 0.027343750 0.031250000 0.031250000 0.031250000 0.035156250 0.023437500 0.019531250 0.019531250 0.023437500 0.023437500 0.027343750 0.027343750 0.027343750 0.011718750 0.000000000 0.000000000 0.000000000 0.000000000 0.000000000 0.000000000 0.000000000 0.000000000 0.000000000 0.000000000 0.000000000 0.000000000 
0.023437500 0.023437500 0.027343750 0.015625000 0.027343750 0.027343750 0.027343750 0.023437500 0.042968750 0.035156250 0.031250000 0.039062500 0.035156250 0.039062500 0.042968750 0.035156250 0.050781250 0.046875000 0.039062500 0.054687500 0.042968750 0.042968750 0.050781250 0.039062500 0.039062500 0.046875000 0.039062500 0.035156250 0.023437500 0.027343750 0.023437500 0.015625000 0.015625000 0.015625000 0.007812500 0.023437500 0.015625000 0.027343750 0.027343750 0.027343750 0.027343750 0.027343750 
0.011718750 0.031250000 0.039062500 0.015625000 0.062500000 0.093750000 0.074218750 0.054687500 0.070312500 0.046875000 0.042968750 0.042968750 0.058593750 0.070312500 0.078125000 0.085937500 0.062500000 0.082031250 0.070312500 0.113281250 0.152343750 0.113281250 0.082031250 0.078125000 0.078125000 0.113281250 0.066406250 0.093750000 0.097656250 0.062500000 0.070312500 0.101562500 0.031250000 0.019531250 0.027343750 0.027343750 0.031250000 0.046875000 0.035156250 0.054687500 0.074218750 0.113281250 
0.035156250 0.039062500 0.046875000 0.046875000 0.152343750 0.292968750 0.109375000 0.054687500 0.070312500 0.058593750 0.042968750 0.050781250 0.050781250 0.054687500 0.117187500 0.105468750 0.128906250 0.117187500 0.113281250 0.199218750 0.332031250 0.085937500 0.121093750 0.097656250 0.234375000 0.171875000 0.109375000 0.140625000 0.109375000 0.078125000 0.121093750 0.117187500 0.062500000 0.140625000 0.113281250 0.136718750 0.144531250 0.128906250 0.097656250 0.109375000 0.140625000 0.152343750 
0.058593750 0.058593750 0.046875000 0.062500000 0.183593750 0.289062500 0.210937500 0.105468750 0.164062500 0.078125000 0.050781250 0.054687500 0.062500000 0.070312500 0.296875000 0.238281250 0.156250000 0.175781250 0.191406250 0.265625000 0.445312500 0.097656250 0.195312500 0.128906250 0.289062500 0.250000000 0.179687500 0.148437500 0.144531250 0.105468750 0.125000000 0.140625000 0.113281250 0.175781250 0.101562500 0.183593750 0.195312500 0.199218750 0.152343750 0.167968750 0.203125000 0.253906250 
0.039062500 0.070312500 0.050781250 0.101562500 0.285156250 0.714843750 0.574218750 0.226562500 0.140625000 0.097656250 0.054687500 0.066406250 0.050781250 0.132812500 0.472656250 0.296875000 0.195312500 0.238281250 0.312500000 0.460937500 0.562500000 0.144531250 0.226562500 0.179687500 0.285156250 0.296875000 0.203125000 0.191406250 0.183593750 0.125000000 0.148437500 0.132812500 0.132812500 0.191406250 0.117187500 0.199218750 0.246093750 0.238281250 0.167968750 0.214843750 0.250000000 0.253906250 
0.062500000 0.066406250 0.027343750 0.113281250 0.265625000 0.812500000 0.625000000 0.199218750 0.207031250 0.117187500 0.074218750 0.066406250 0.070312500 0.191406250 0.503906250 0.414062500 0.230468750 0.285156250 0.367187500 0.480468750 0.656250000 0.230468750 0.343750000 0.214843750 0.234375000 0.289062500 0.246093750 0.167968750 0.152343750 0.125000000 0.140625000 0.199218750 0.171875000 0.195312500 0.097656250 0.183593750 0.265625000 0.214843750 0.183593750 0.218750000 0.312500000 0.289062500 
0.035156250 0.046875000 0.089843750 0.175781250 0.472656250 1.160156250 0.683593750 0.226562500 0.171875000 0.097656250 0.085937500 0.117187500 0.105468750 0.187500000 0.472656250 0.343750000 0.371093750 0.277343750 0.464843750 0.421875000 0.699218750 0.238281250 0.332031250 0.226562500 0.238281250 0.273437500 0.167968750 0.125000000 0.171875000 0.179687500 0.164062500 0.203125000 0.160156250 0.191406250 0.160156250 0.210937500 0.281250000 0.238281250 0.191406250 0.246093750 0.265625000 0.242187500 
0.050781250 0.144531250 0.097656250 0.132812500 0.546875000 0.945312500 0.699218750 0.199218750 0.148437500 0.101562500 0.058593750 0.144531250 0.179687500 0.144531250 0.289062500 0.308593750 0.386718750 0.390625000 0.402343750 0.476562500 0.796875000 0.257812500 0.296875000 0.292968750 0.207031250 0.304687500 0.203125000 0.160156250 0.214843750 0.207031250 0.195312500 0.195312500 0.175781250 0.203125000 0.222656250 0.222656250 0.257812500 0.285156250 0.199218750 0.253906250 0.304687500 0.253906250 
0.058593750 0.097656250 0.136718750 0.148437500 0.527343750 0.949218750 0.664062500 0.238281250 0.175781250 0.140625000 0.117187500 0.175781250 0.242187500 0.285156250 0.351562500 0.160156250 0.363281250 0.324218750 0.332031250 0.437500000 0.734375000 0.351562500 0.328125000 0.183593750 0.199218750 0.343750000 0.175781250 0.226562500 0.191406250 0.226562500 0.191406250 0.160156250 0.187500000 0.199218750 0.234375000 0.250000000 0.265625000 0.289062500 0.226562500 0.281250000 0.285156250 0.265625000 
0.109375000 0.082031250 0.253906250 0.195312500 0.406250000 0.648437500 0.621093750 0.359375000 0.242187500 0.167968750 0.207031250 0.210937500 0.273437500 0.285156250 0.332031250 0.230468750 0.273437500 0.511718750 0.433593750 0.507812500 0.824218750 0.320312500 0.218750000 0.179687500 0.281250000 0.445312500 0.242187500 0.261718750 0.222656250 0.296875000 0.183593750 0.183593750 0.183593750 0.226562500 0.324218750 0.253906250 0.265625000 0.261718750 0.246093750 0.273437500 0.324218750 0.246093750 
0.769531250 1.867187500 4.792968750 5.953125000 5.851562500 7.687500000 9.820312500 6.460937500 2.328125000 1.140625000 1.628906250 1.171875000 0.683593750 0.671875000 0.777343750 0.710937500 0.621093750 0.730468750 0.582031250 0.843750000 0.996093750 0.464843750 0.464843750 0.433593750 0.632812500 0.707031250 0.394531250 0.550781250 0.546875000 0.496093750 0.367187500 0.460937500 0.531250000 0.546875000 0.488281250 0.484375000 0.578125000 0.574218750 0.625000000 0.675781250 0.621093750 0.703125000 
2.828125000 6.378906250 7.101562500 10.777343750 7.957031250 14.613281250 11.234375000 6.824218750 2.355468750 1.953125000 1.800781250 0.574218750 0.453125000 0.371093750 0.261718750 0.363281250 0.351562500 0.566406250 0.367187500 0.468750000 0.722656250 0.375000000 0.328125000 0.351562500 0.351562500 0.445312500 0.242187500 0.367187500 0.253906250 0.328125000 0.375000000 0.339843750 0.308593750 0.242187500 0.187500000 0.207031250 0.242187500 0.273437500 0.324218750 0.437500000 0.394531250 0.308593750 
4.214843750 12.664062500 9.042968750 12.785156250 6.671875000 19.097656250 13.132812500 7.335937500 2.191406250 3.078125000 2.273437500 1.003906250 0.832031250 0.671875000 0.699218750 0.718750000 0.382812500 0.660156250 0.781250000 0.753906250 0.949218750 0.746093750 0.675781250 0.656250000 0.832031250 0.605468750 0.605468750 0.683593750 0.601562500 0.613281250 0.578125000 0.738281250 0.671875000 0.582031250 0.496093750 0.613281250 0.511718750 0.542968750 0.636718750 0.738281250 0.765625000 0.640625000 
10.734375000 18.050781250 8.753906250 13.761718750 10.652343750 22.144531250 10.449218750 9.015625000 3.078125000 2.890625000 2.062500000 1.164062500 0.816406250 0.902343750 0.632812500 0.597656250 0.582031250 0.531250000 0.421875000 0.636718750 0.507812500 0.300781250 0.246093750 0.355468750 0.425781250 0.347656250 0.316406250 0.601562500 0.367187500 0.328125000 0.582031250 0.421875000 0.300781250 0.296875000 0.203125000 0.234375000 0.222656250 0.230468750 0.289062500 0.320312500 0.332031250 0.343750000 
10.464843750 20.980468750 12.425781250 14.839843750 9.546875000 24.050781250 12.921875000 8.269531250 4.437500000 2.921875000 3.023437500 1.707031250 1.890625000 1.667968750 1.371093750 1.359375000 1.250000000 1.164062500 0.910156250 0.964843750 0.992187500 1.074218750 0.984375000 1.105468750 1.023437500 0.992187500 0.968750000 1.125000000 0.886718750 0.859375000 0.949218750 0.914062500 0.957031250 0.933593750 0.929687500 0.976562500 0.988281250 1.015625000 1.023437500 1.097656250 1.070312500 1.093750000 
10.074218750 22.687500000 16.863281250 16.976562500 10.136718750 26.300781250 13.554687500 7.753906250 3.375000000 2.382812500 2.937500000 0.871093750 1.011718750 0.968750000 0.730468750 0.695312500 0.484375000 0.492187500 0.550781250 0.628906250 0.476562500 0.355468750 0.460937500 0.531250000 0.695312500 0.367187500 0.402343750 0.781250000 0.578125000 0.488281250 0.816406250 0.414062500 0.320312500 0.339843750 0.250000000 0.312500000 0.316406250 0.355468750 0.367187500 0.390625000 0.410156250 0.445312500 
10.746093750 23.277343750 18.339843750 18.976562500 9.242187500 26.851562500 11.824218750 8.910156250 3.261718750 2.734375000 3.390625000 1.117187500 1.339843750 0.832031250 0.441406250 0.292968750 0.328125000 0.496093750 0.472656250 0.515625000 0.386718750 0.199218750 0.195312500 0.414062500 0.550781250 0.367187500 0.269531250 0.773437500 0.457031250 0.363281250 0.699218750 0.406250000 0.160156250 0.250000000 0.238281250 0.183593750 0.207031250 0.199218750 0.199218750 0.300781250 0.261718750 0.257812500 
11.199218750 23.996093750 17.937500000 20.714843750 9.554687500 27.785156250 13.777343750 10.402343750 4.375000000 3.023437500 4.578125000 1.574218750 1.468750000 1.140625000 1.359375000 1.281250000 1.218750000 1.085937500 0.835937500 0.925781250 0.992187500 0.804687500 0.808593750 0.941406250 0.921875000 0.695312500 0.710937500 1.089843750 1.050781250 0.863281250 0.894531250 0.855468750 0.683593750 0.714843750 0.777343750 0.828125000 0.886718750 0.835937500 0.894531250 0.886718750 0.914062500 0.910156250 
11.617187500 25.312500000 17.550781250 22.039062500 9.714843750 30.433593750 19.281250000 12.871093750 4.101562500 4.320312500 4.320312500 1.843750000 2.140625000 0.976562500 0.707031250 0.722656250 0.683593750 0.664062500 0.828125000 0.984375000 0.968750000 0.792968750 0.738281250 0.863281250 1.148437500 0.777343750 0.835937500 1.378906250 1.019531250 1.062500000 1.085937500 0.910156250 0.890625000 0.949218750 1.011718750 0.988281250 0.945312500 1.078125000 0.953125000 1.156250000 1.148437500 1.187500000 
15.515625000 27.054687500 13.808593750 22.500000000 12.546875000 34.582031250 23.984375000 19.855468750 6.363281250 4.644531250 8.285156250 4.445312500 4.488281250 4.718750000 4.433593750 4.015625000 3.519531250 3.523437500 3.324218750 3.160156250 3.027343750 2.980468750 2.949218750 2.773437500 2.550781250 2.613281250 2.449218750 2.882812500 2.882812500 3.007812500 2.953125000 2.800781250 2.753906250 2.894531250 2.824218750 2.843750000 2.878906250 2.972656250 3.027343750 3.093750000 3.214843750 3.339843750 
22.386718750 28.609375000 7.804687500 23.585937500 20.507812500 38.289062500 21.328125000 31.597656250 11.566406250 6.554687500 8.796875000 6.406250000 3.640625000 1.945312500 1.496093750 1.441406250 1.445312500 1.648437500 1.511718750 1.464843750 1.343750000 1.128906250 1.066406250 1.343750000 1.894531250 2.136718750 1.660156250 2.375000000 1.398437500 1.453125000 1.769531250 1.230468750 1.058593750 1.058593750 1.128906250 1.117187500 1.199218750 1.203125000 1.148437500 1.101562500 1.234375000 1.253906250 
21.324218750 29.441406250 9.800781250 25.648437500 22.304687500 38.957031250 24.312500000 45.964843750 15.906250000 9.343750000 9.753906250 7.996093750 5.347656250 2.304687500 2.628906250 2.902343750 2.703125000 2.558593750 2.410156250 2.503906250 2.250000000 2.191406250 1.980468750 2.250000000 3.183593750 3.472656250 2.039062500 4.195312500 3.878906250 2.550781250 3.925781250 3.394531250 2.726562500 2.562500000 2.535156250 2.503906250 2.671875000 2.738281250 2.582031250 2.757812500 2.863281250 2.941406250 
15.656250000 29.804687500 14.445312500 30.039062500 28.472656250 41.187500000 21.640625000 61.785156250 15.570312500 7.910156250 6.957031250 8.582031250 6.628906250 8.234375000 5.281250000 2.292968750 1.589843750 1.585937500 1.011718750 1.000000000 0.984375000 0.808593750 0.761718750 1.585937500 3.550781250 3.656250000 2.125000000 6.328125000 5.320312500 3.230468750 4.386718750 1.238281250 0.636718750 0.691406250 0.664062500 0.574218750 0.542968750 0.546875000 0.535156250 0.550781250 0.527343750 0.531250000 
18.187500000 29.691406250 13.851562500 29.550781250 23.574218750 38.105468750 18.515625000 71.308593750 15.589843750 11.195312500 6.136718750 9.738281250 11.246093750 13.964843750 7.238281250 2.695312500 2.472656250 2.160156250 2.062500000 1.906250000 1.738281250 1.722656250 1.683593750 2.519531250 5.144531250 6.914062500 3.722656250 10.218750000 6.238281250 4.582031250 6.042968750 1.890625000 1.183593750 1.199218750 1.343750000 1.417968750 1.375000000 1.398437500 1.359375000 1.585937500 1.558593750 1.726562500 
15.683593750 28.632812500 12.765625000 27.222656250 18.675781250 33.292968750 24.992187500 73.539062500 21.394531250 13.562500000 5.605468750 10.828125000 13.152343750 17.339843750 12.757812500 5.445312500 3.402343750 3.250000000 3.226562500 3.210937500 3.179687500 3.144531250 3.214843750 3.871093750 10.957031250 9.535156250 4.523437500 15.199218750 10.941406250 6.839843750 7.453125000 2.136718750 1.382812500 1.531250000 1.648437500 1.742187500 1.800781250 1.789062500 2.019531250 2.050781250 2.093750000 2.171875000 
14.191406250 27.789062500 12.312500000 25.386718750 11.753906250 23.578125000 16.726562500 73.941406250 42.929687500 10.082031250 9.367187500 10.128906250 14.843750000 27.695312500 15.375000000 3.632812500 3.242187500 3.390625000 3.300781250 3.585937500 3.484375000 3.539062500 3.707031250 4.132812500 10.933593750 16.265625000 6.539062500 17.046875000 15.828125000 7.410156250 9.656250000 3.937500000 3.566406250 3.300781250 3.363281250 3.378906250 3.546875000 3.546875000 3.542968750 3.703125000 3.933593750 4.097656250 
18.148437500 25.820312500 13.917968750 24.988281250 13.250000000 20.855468750 23.878906250 44.199218750 52.042968750 19.292968750 6.902343750 9.519531250 15.933593750 21.390625000 30.984375000 11.257812500 2.609375000 1.562500000 1.238281250 0.996093750 1.082031250 0.925781250 1.265625000 2.617187500 10.613281250 18.144531250 8.269531250 16.347656250 18.628906250 10.238281250 10.195312500 3.035156250 0.902343750 0.457031250 0.253906250 0.390625000 0.578125000 0.375000000 0.460937500 0.812500000 0.355468750 0.273437500 
14.414062500 21.777343750 12.289062500 25.121093750 20.816406250 18.320312500 16.878906250 17.460937500 48.472656250 27.066406250 10.820312500 9.113281250 15.039062500 21.281250000 31.371093750 11.156250000 4.421875000 3.335937500 2.789062500 2.433593750 2.421875000 2.496093750 3.148437500 3.972656250 10.414062500 19.750000000 10.773437500 17.078125000 19.347656250 13.023437500 13.855468750 3.812500000 2.347656250 1.667968750 1.277343750 1.109375000 1.117187500 0.972656250 0.871093750 1.183593750 0.968750000 0.824218750 
13.035156250 17.574218750 8.230468750 23.390625000 21.937500000 17.871093750 12.570312500 17.507812500 48.906250000 28.984375000 16.742187500 8.523437500 10.710937500 10.503906250 25.476562500 18.019531250 3.675781250 3.480468750 3.281250000 2.886718750 2.789062500 2.921875000 2.851562500 3.937500000 8.863281250 20.570312500 11.417968750 16.269531250 19.808593750 14.316406250 16.160156250 3.910156250 1.875000000 1.769531250 1.792968750 1.972656250 2.242187500 2.011718750 2.062500000 2.054687500 2.136718750 2.265625000 
12.722656250 15.105468750 8.062500000 19.121093750 18.660156250 22.593750000 17.714843750 14.867187500 36.871093750 19.285156250 14.664062500 6.816406250 8.988281250 7.113281250 19.738281250 15.957031250 6.953125000 2.902343750 2.042968750 1.785156250 1.429687500 1.289062500 1.425781250 2.375000000 5.644531250 20.925781250 11.617187500 14.398437500 19.644531250 14.882812500 15.722656250 3.542968750 1.347656250 0.871093750 0.800781250 0.820312500 1.503906250 1.292968750 0.921875000 1.089843750 0.937500000 1.105468750 
7.574218750 13.261718750 7.625000000 12.476562500 15.917968750 16.406250000 17.511718750 17.886718750 22.488281250 20.765625000 12.339843750 5.128906250 6.468750000 5.800781250 11.828125000 16.273437500 9.230468750 2.554687500 1.703125000 1.250000000 0.996093750 0.824218750 1.300781250 1.863281250 5.183593750 17.164062500 11.992187500 11.664062500 13.765625000 15.144531250 16.191406250 4.277343750 1.105468750 0.652343750 0.386718750 0.582031250 1.257812500 0.937500000 0.574218750 0.574218750 0.371093750 0.445312500 
5.082031250 11.347656250 10.285156250 11.281250000 11.593750000 13.886718750 16.062500000 10.421875000 12.800781250 16.042968750 9.824218750 6.882812500 5.453125000 6.746093750 10.597656250 10.640625000 9.722656250 3.679687500 1.675781250 1.324218750 0.945312500 0.753906250 1.167968750 1.457031250 3.136718750 12.851562500 10.660156250 10.964843750 12.929687500 15.710937500 15.691406250 3.593750000 0.949218750 0.402343750 0.210937500 0.394531250 1.031250000 0.738281250 0.378906250 0.320312500 0.328125000 0.363281250 
4.085937500 8.535156250 10.992187500 14.488281250 11.507812500 9.597656250 16.160156250 11.320312500 9.015625000 10.089843750 9.589843750 6.425781250 4.609375000 5.742187500 8.695312500 9.113281250 6.253906250 4.437500000 2.695312500 1.628906250 0.722656250 0.824218750 1.156250000 1.507812500 2.835937500 9.382812500 10.683593750 7.785156250 10.183593750 11.617187500 11.437500000 4.238281250 1.785156250 1.246093750 0.867187500 0.792968750 0.882812500 0.597656250 0.574218750 0.613281250 0.644531250 0.507812500 
6.113281250 6.914062500 11.082031250 14.046875000 13.308593750 10.226562500 8.902343750 8.957031250 9.148437500 8.125000000 9.250000000 4.402343750 4.855468750 5.542968750 5.187500000 5.382812500 5.058593750 5.632812500 2.683593750 1.542968750 1.617187500 1.425781250 1.558593750 1.535156250 2.074218750 6.863281250 7.757812500 7.628906250 8.089843750 9.476562500 8.167968750 3.093750000 1.523437500 1.312500000 1.242187500 1.125000000 1.066406250 1.156250000 1.261718750 1.292968750 1.273437500 1.394531250 
6.453125000 6.839843750 11.195312500 8.597656250 11.183593750 9.941406250 7.652343750 7.796875000 7.667968750 9.359375000 5.210937500 3.593750000 5.074218750 4.261718750 4.234375000 3.660156250 4.136718750 6.117187500 3.203125000 1.335937500 1.265625000 0.566406250 1.000000000 1.203125000 1.621093750 5.492187500 8.296875000 9.222656250 8.585937500 8.511718750 7.890625000 2.375000000 0.707031250 0.558593750 0.597656250 0.632812500 0.636718750 0.687500000 0.734375000 0.652343750 0.691406250 0.832031250 
3.550781250 7.964843750 11.492187500 5.546875000 11.082031250 7.132812500 10.945312500 8.410156250 8.050781250 8.718750000 3.839843750 4.316406250 4.996093750 4.320312500 5.507812500 3.835937500 3.632812500 6.921875000 3.468750000 1.339843750 1.285156250 0.476562500 1.210937500 1.300781250 1.515625000 4.828125000 9.652343750 12.304687500 9.855468750 8.781250000 7.820312500 2.218750000 0.707031250 0.320312500 0.292968750 0.339843750 0.277343750 0.351562500 0.328125000 0.304687500 0.277343750 0.406250000 
3.945312500 5.140625000 10.855468750 3.710937500 6.343750000 7.843750000 6.851562500 9.660156250 7.222656250 6.726562500 2.835937500 3.113281250 3.214843750 3.820312500 3.097656250 2.300781250 2.566406250 5.882812500 2.789062500 1.726562500 1.269531250 0.492187500 1.144531250 1.382812500 0.796875000 3.101562500 9.464843750 11.734375000 9.117187500 7.207031250 7.449218750 2.195312500 0.566406250 0.261718750 0.230468750 0.273437500 0.269531250 0.363281250 0.363281250 0.308593750 0.308593750 0.351562500 
4.062500000 4.472656250 10.031250000 3.824218750 7.988281250 9.339843750 7.351562500 6.730468750 5.582031250 3.882812500 2.714843750 2.207031250 2.066406250 2.027343750 2.128906250 1.515625000 2.078125000 3.941406250 2.320312500 0.957031250 1.007812500 0.539062500 1.210937500 1.519531250 1.285156250 3.703125000 7.917968750 9.656250000 5.703125000 4.328125000 6.734375000 2.089843750 0.492187500 0.285156250 0.324218750 0.296875000 0.378906250 0.390625000 0.390625000 0.378906250 0.375000000 0.484375000 
5.402343750 3.503906250 8.628906250 7.015625000 5.808593750 7.476562500 6.445312500 7.113281250 2.664062500 1.039062500 0.792968750 1.390625000 1.531250000 1.855468750 1.671875000 1.378906250 1.730468750 2.316406250 1.195312500 0.953125000 0.578125000 0.417968750 0.972656250 1.101562500 0.753906250 2.839843750 5.644531250 3.542968750 2.089843750 2.988281250 5.601562500 1.859375000 0.437500000 0.367187500 0.410156250 0.453125000 0.390625000 0.343750000 0.421875000 0.445312500 0.496093750 0.484375000 
3.742187500 6.210937500 6.652343750 8.066406250 4.937500000 5.953125000 5.882812500 4.527343750 2.671875000 1.738281250 0.933593750 0.722656250 0.789062500 0.929687500 1.160156250 0.914062500 1.609375000 1.203125000 0.972656250 0.726562500 0.578125000 0.421875000 0.605468750 0.816406250 0.796875000 2.269531250 3.132812500 2.109375000 1.656250000 1.746093750 2.750000000 1.546875000 0.375000000 0.316406250 0.308593750 0.324218750 0.375000000 0.347656250 0.402343750 0.347656250 0.406250000 0.484375000 
3.039062500 8.308593750 8.714843750 8.222656250 5.160156250 2.859375000 5.328125000 4.847656250 2.144531250 1.523437500 0.859375000 0.675781250 0.843750000 0.589843750 0.976562500 0.988281250 1.320312500 1.117187500 1.070312500 0.761718750 0.457031250 0.425781250 0.566406250 0.585937500 0.609375000 1.328125000 1.835937500 1.687500000 1.281250000 1.359375000 1.988281250 1.613281250 0.722656250 0.535156250 0.519531250 0.500000000 0.511718750 0.554687500 0.531250000 0.515625000 0.535156250 0.652343750 
4.324218750 8.695312500 9.734375000 8.050781250 3.890625000 3.898437500 3.542968750 4.679687500 3.238281250 2.882812500 1.324218750 1.273437500 1.417968750 1.308593750 1.710937500 1.746093750 1.472656250 1.527343750 0.734375000 1.058593750 0.863281250 0.894531250 0.695312500 0.851562500 1.214843750 1.339843750 1.445312500 1.363281250 1.464843750 1.441406250 1.066406250 0.468750000 0.621093750 0.566406250 0.628906250 0.527343750 0.582031250 0.644531250 0.695312500 0.757812500 0.796875000 0.777343750 
3.777343750 9.195312500 8.136718750 8.269531250 4.316406250 3.906250000 2.187500000 2.148437500 0.832031250 0.871093750 0.542968750 0.324218750 0.675781250 0.617187500 0.648437500 0.890625000 1.101562500 1.359375000 0.718750000 0.460937500 0.371093750 0.257812500 0.296875000 0.355468750 0.628906250 0.917968750 0.695312500 0.773437500 1.000000000 0.957031250 0.550781250 0.308593750 0.304687500 0.335937500 0.238281250 0.257812500 0.246093750 0.300781250 0.367187500 0.292968750 0.394531250 0.394531250 
4.414062500 9.156250000 10.406250000 4.644531250 3.500000000 5.726562500 3.164062500 2.355468750 1.050781250 0.945312500 0.554687500 0.660156250 0.531250000 0.585937500 0.488281250 0.933593750 1.164062500 1.285156250 0.937500000 0.660156250 0.613281250 0.457031250 0.402343750 0.449218750 0.480468750 0.800781250 0.718750000 0.535156250 0.851562500 0.808593750 0.441406250 0.328125000 0.417968750 0.382812500 0.343750000 0.312500000 0.343750000 0.371093750 0.386718750 0.398437500 0.507812500 0.496093750 
3.343750000 11.605468750 5.269531250 1.140625000 2.148437500 3.238281250 1.308593750 1.078125000 0.976562500 0.578125000 0.242187500 0.207031250 0.292968750 0.421875000 0.437500000 0.566406250 0.855468750 0.949218750 0.281250000 0.148437500 0.160156250 0.148437500 0.117187500 0.218750000 0.273437500 0.621093750 0.593750000 0.378906250 0.742187500 0.714843750 0.441406250 0.246093750 0.195312500 0.246093750 0.199218750 0.179687500 0.214843750 0.214843750 0.296875000 0.332031250 0.320312500 0.324218750 
4.035156250 11.328125000 5.367187500 1.710937500 2.066406250 3.203125000 0.765625000 1.398437500 1.226562500 0.710937500 0.925781250 0.699218750 0.691406250 0.492187500 0.683593750 0.789062500 1.058593750 1.000000000 0.410156250 0.414062500 0.437500000 0.449218750 0.468750000 0.437500000 0.542968750 0.660156250 0.671875000 0.394531250 0.410156250 0.457031250 0.351562500 0.335937500 0.429687500 0.312500000 0.308593750 0.382812500 0.425781250 0.375000000 0.417968750 0.390625000 0.445312500 0.589843750 
3.382812500 7.191406250 5.187500000 3.238281250 2.988281250 2.898437500 0.937500000 1.277343750 1.050781250 0.722656250 0.824218750 0.714843750 0.617187500 0.718750000 0.789062500 0.593750000 0.707031250 0.882812500 0.437500000 0.367187500 0.468750000 0.429687500 0.417968750 0.402343750 0.441406250 0.605468750 0.785156250 0.617187500 0.449218750 0.339843750 0.394531250 0.398437500 0.425781250 0.437500000 0.375000000 0.453125000 0.433593750 0.531250000 0.550781250 0.464843750 0.519531250 0.531250000 
2.863281250 3.214843750 1.605468750 2.312500000 1.574218750 2.187500000 1.148437500 0.886718750 0.519531250 0.414062500 0.585937500 0.441406250 0.511718750 0.410156250 0.347656250 0.402343750 0.406250000 0.601562500 0.328125000 0.351562500 0.359375000 0.242187500 0.332031250 0.304687500 0.449218750 0.558593750 0.476562500 0.324218750 0.378906250 0.296875000 0.261718750 0.265625000 0.347656250 0.261718750 0.316406250 0.316406250 0.289062500 0.312500000 0.394531250 0.386718750 0.441406250 0.492187500 
1.726562500 3.687500000 2.753906250 2.074218750 1.140625000 1.421875000 0.562500000 0.468750000 0.531250000 0.503906250 0.179687500 0.125000000 0.148437500 0.167968750 0.406250000 0.375000000 0.449218750 0.382812500 0.144531250 0.148437500 0.148437500 0.109375000 0.144531250 0.164062500 0.199218750 0.468750000 0.390625000 0.250000000 0.332031250 0.285156250 0.269531250 0.191406250 0.246093750 0.164062500 0.234375000 0.171875000 0.160156250 0.210937500 0.238281250 0.214843750 0.226562500 0.312500000 
1.394531250 3.562500000 2.171875000 1.917968750 1.082031250 1.062500000 0.316406250 0.687500000 0.441406250 0.402343750 0.140625000 0.101562500 0.046875000 0.171875000 0.300781250 0.226562500 0.300781250 0.281250000 0.132812500 0.097656250 0.101562500 0.101562500 0.125000000 0.125000000 0.164062500 0.437500000 0.378906250 0.265625000 0.316406250 0.242187500 0.281250000 0.164062500 0.171875000 0.160156250 0.195312500 0.144531250 0.210937500 0.191406250 0.265625000 0.234375000 0.281250000 0.285156250 
0.785156250 3.074218750 2.167968750 1.175781250 1.058593750 0.863281250 0.519531250 0.785156250 0.312500000 0.277343750 0.171875000 0.058593750 0.062500000 0.164062500 0.167968750 0.160156250 0.285156250 0.199218750 0.093750000 0.066406250 0.089843750 0.121093750 0.097656250 0.109375000 0.167968750 0.402343750 0.410156250 0.261718750 0.320312500 0.246093750 0.218750000 0.148437500 0.156250000 0.191406250 0.187500000 0.175781250 0.222656250 0.171875000 0.234375000 0.238281250 0.257812500 0.250000000 
0.742187500 2.433593750 1.988281250 0.996093750 0.722656250 0.488281250 0.359375000 0.707031250 0.347656250 0.210937500 0.121093750 0.085937500 0.078125000 0.152343750 0.234375000 0.117187500 0.269531250 0.226562500 0.101562500 0.062500000 0.089843750 0.109375000 0.082031250 0.105468750 0.160156250 0.359375000 0.300781250 0.281250000 0.281250000 0.148437500 0.214843750 0.140625000 0.207031250 0.152343750 0.214843750 0.199218750 0.242187500 0.160156250 0.253906250 0.257812500 0.250000000 0.246093750 
0.253906250 1.800781250 2.265625000 0.835937500 0.562500000 0.468750000 0.343750000 0.695312500 0.316406250 0.238281250 0.191406250 0.132812500 0.105468750 0.164062500 0.222656250 0.132812500 0.195312500 0.246093750 0.117187500 0.078125000 0.105468750 0.097656250 0.074218750 0.125000000 0.191406250 0.234375000 0.292968750 0.218750000 0.253906250 0.156250000 0.164062500 0.183593750 0.195312500 0.125000000 0.179687500 0.183593750 0.183593750 0.179687500 0.230468750 0.214843750 0.191406250 0.257812500 
0.234375000 1.792968750 1.968750000 0.921875000 0.601562500 0.335937500 0.386718750 0.484375000 0.335937500 0.195312500 0.164062500 0.062500000 0.070312500 0.214843750 0.203125000 0.136718750 0.230468750 0.214843750 0.113281250 0.089843750 0.070312500 0.105468750 0.117187500 0.113281250 0.156250000 0.125000000 0.140625000 0.171875000 0.164062500 0.125000000 0.121093750 0.156250000 0.164062500 0.101562500 0.148437500 0.140625000 0.117187500 0.152343750 0.160156250 0.164062500 0.187500000 0.195312500 
0.144531250 1.476562500 1.273437500 0.472656250 0.496093750 0.253906250 0.324218750 0.425781250 0.226562500 0.222656250 0.179687500 0.054687500 0.042968750 0.164062500 0.175781250 0.085937500 0.210937500 0.222656250 0.125000000 0.062500000 0.078125000 0.089843750 0.121093750 0.191406250 0.167968750 0.128906250 0.156250000 0.140625000 0.144531250 0.132812500 0.109375000 0.160156250 0.156250000 0.062500000 0.121093750 0.105468750 0.125000000 0.136718750 0.113281250 0.136718750 0.125000000 0.148437500 
0.164062500 1.515625000 1.121093750 0.542968750 0.410156250 0.320312500 0.230468750 0.203125000 0.152343750 0.152343750 0.097656250 0.062500000 0.046875000 0.101562500 0.144531250 0.082031250 0.148437500 0.152343750 0.125000000 0.070312500 0.121093750 0.109375000 0.113281250 0.152343750 0.148437500 0.136718750 0.140625000 0.148437500 0.128906250 0.097656250 0.113281250 0.109375000 0.132812500 0.062500000 0.113281250 0.113281250 0.140625000 0.121093750 0.109375000 0.128906250 0.109375000 0.132812500 
0.359375000 1.628906250 1.214843750 0.578125000 0.273437500 0.300781250 0.257812500 0.171875000 0.167968750 0.144531250 0.121093750 0.089843750 0.128906250 0.152343750 0.148437500 0.164062500 0.156250000 0.160156250 0.078125000 0.074218750 0.148437500 0.136718750 0.082031250 0.160156250 0.167968750 0.156250000 0.148437500 0.125000000 0.164062500 0.117187500 0.132812500 0.089843750 0.144531250 0.085937500 0.132812500 0.128906250 0.167968750 0.117187500 0.113281250 0.125000000 0.121093750 0.113281250 
0.332031250 1.464843750 1.437500000 0.242187500 0.390625000 0.371093750 0.207031250 0.218750000 0.144531250 0.117187500 0.117187500 0.097656250 0.097656250 0.136718750 0.160156250 0.152343750 0.156250000 0.144531250 0.078125000 0.066406250 0.140625000 0.121093750 0.066406250 0.089843750 0.132812500 0.125000000 0.128906250 0.136718750 0.121093750 0.074218750 0.101562500 0.085937500 0.097656250 0.066406250 0.128906250 0.105468750 0.144531250 0.078125000 0.093750000 0.097656250 0.144531250 0.101562500 
0.277343750 0.890625000 1.128906250 0.308593750 0.511718750 0.468750000 0.214843750 0.156250000 0.121093750 0.082031250 0.113281250 0.125000000 0.160156250 0.164062500 0.199218750 0.136718750 0.148437500 0.164062500 0.109375000 0.117187500 0.160156250 0.156250000 0.105468750 0.109375000 0.113281250 0.097656250 0.140625000 0.113281250 0.121093750 0.082031250 0.097656250 0.066406250 0.082031250 0.074218750 0.113281250 0.101562500 0.128906250 0.062500000 0.093750000 0.136718750 0.109375000 0.105468750 
0.144531250 0.765625000 0.671875000 0.367187500 0.621093750 0.371093750 0.101562500 0.078125000 0.097656250 0.109375000 0.074218750 0.078125000 0.144531250 0.156250000 0.191406250 0.191406250 0.152343750 0.140625000 0.160156250 0.113281250 0.148437500 0.175781250 0.148437500 0.125000000 0.121093750 0.097656250 0.113281250 0.121093750 0.105468750 0.105468750 0.113281250 0.082031250 0.113281250 0.085937500 0.113281250 0.121093750 0.105468750 0.066406250 0.093750000 0.152343750 0.121093750 0.089843750 
0.179687500 0.660156250 0.617187500 0.437500000 0.585937500 0.453125000 0.191406250 0.199218750 0.117187500 0.109375000 0.101562500 0.050781250 0.132812500 0.164062500 0.214843750 0.214843750 0.093750000 0.160156250 0.183593750 0.152343750 0.152343750 0.136718750 0.156250000 0.121093750 0.117187500 0.105468750 0.113281250 0.117187500 0.101562500 0.101562500 0.113281250 0.085937500 0.121093750 0.074218750 0.101562500 0.105468750 0.093750000 0.070312500 0.109375000 0.136718750 0.093750000 0.101562500 
0.113281250 0.523437500 0.460937500 0.414062500 0.492187500 0.457031250 0.164062500 0.125000000 0.109375000 0.105468750 0.117187500 0.050781250 0.078125000 0.113281250 0.210937500 0.222656250 0.156250000 0.183593750 0.195312500 0.132812500 0.074218750 0.125000000 0.183593750 0.117187500 0.144531250 0.125000000 0.113281250 0.140625000 0.117187500 0.105468750 0.105468750 0.082031250 0.109375000 0.066406250 0.078125000 0.109375000 0.089843750 0.078125000 0.105468750 0.121093750 0.113281250 0.105468750 
0.140625000 0.707031250 0.394531250 0.261718750 0.570312500 0.304687500 0.183593750 0.210937500 0.136718750 0.070312500 0.125000000 0.105468750 0.074218750 0.152343750 0.148437500 0.164062500 0.156250000 0.144531250 0.148437500 0.140625000 0.125000000 0.085937500 0.109375000 0.152343750 0.152343750 0.089843750 0.117187500 0.109375000 0.089843750 0.093750000 0.085937500 0.105468750 0.097656250 0.058593750 0.101562500 0.074218750 0.101562500 0.101562500 0.066406250 0.078125000 0.097656250 0.121093750 
0.187500000 0.886718750 0.554687500 0.125000000 0.613281250 0.507812500 0.144531250 0.156250000 0.113281250 0.113281250 0.082031250 0.125000000 0.089843750 0.105468750 0.113281250 0.105468750 0.179687500 0.128906250 0.156250000 0.171875000 0.128906250 0.074218750 0.113281250 0.132812500 0.140625000 0.105468750 0.113281250 0.117187500 0.078125000 0.101562500 0.113281250 0.074218750 0.089843750 0.093750000 0.117187500 0.078125000 0.089843750 0.082031250 0.078125000 0.085937500 0.097656250 0.132812500 
0.203125000 0.871093750 0.699218750 0.269531250 0.574218750 0.589843750 0.171875000 0.164062500 0.132812500 0.140625000 0.101562500 0.097656250 0.058593750 0.101562500 0.066406250 0.070312500 0.148437500 0.160156250 0.140625000 0.140625000 0.148437500 0.117187500 0.125000000 0.144531250 0.109375000 0.105468750 0.109375000 0.128906250 0.082031250 0.105468750 0.109375000 0.070312500 0.074218750 0.105468750 0.125000000 0.089843750 0.101562500 0.082031250 0.078125000 0.093750000 0.093750000 0.125000000 
0.308593750 0.921875000 0.828125000 0.292968750 0.472656250 0.531250000 0.179687500 0.136718750 0.183593750 0.195312500 0.148437500 0.105468750 0.066406250 0.113281250 0.093750000 0.074218750 0.109375000 0.156250000 0.140625000 0.125000000 0.117187500 0.132812500 0.136718750 0.097656250 0.089843750 0.074218750 0.074218750 0.125000000 0.113281250 0.136718750 0.109375000 0.074218750 0.078125000 0.097656250 0.113281250 0.113281250 0.078125000 0.078125000 0.074218750 0.121093750 0.078125000 0.078125000 
0.062500000 0.699218750 0.832031250 0.136718750 0.289062500 0.281250000 0.156250000 0.214843750 0.128906250 0.074218750 0.085937500 0.117187500 0.105468750 0.070312500 0.117187500 0.082031250 0.093750000 0.152343750 0.113281250 0.074218750 0.132812500 0.140625000 0.105468750 0.082031250 0.062500000 0.078125000 0.054687500 0.062500000 0.125000000 0.121093750 0.093750000 0.078125000 0.070312500 0.093750000 0.109375000 0.105468750 0.082031250 0.105468750 0.097656250 0.117187500 0.070312500 0.066406250 
0.246093750 0.621093750 0.488281250 0.148437500 0.140625000 0.214843750 0.285156250 0.101562500 0.054687500 0.128906250 0.085937500 0.105468750 0.109375000 0.066406250 0.136718750 0.078125000 0.062500000 0.109375000 0.097656250 0.089843750 0.140625000 0.082031250 0.117187500 0.074218750 0.062500000 0.093750000 0.070312500 0.066406250 0.121093750 0.128906250 0.105468750 0.082031250 0.082031250 0.078125000 0.117187500 0.085937500 0.097656250 0.117187500 0.093750000 0.113281250 0.058593750 0.062500000 
0.179687500 0.312500000 0.339843750 0.105468750 0.156250000 0.207031250 0.265625000 0.105468750 0.121093750 0.117187500 0.062500000 0.113281250 0.113281250 0.082031250 0.136718750 0.097656250 0.109375000 0.085937500 0.078125000 0.078125000 0.121093750 0.082031250 0.109375000 0.070312500 0.042968750 0.066406250 0.058593750 0.042968750 0.105468750 0.113281250 0.085937500 0.085937500 0.082031250 0.066406250 0.105468750 0.066406250 0.089843750 0.093750000 0.097656250 0.089843750 0.062500000 0.054687500 
0.089843750 0.167968750 0.171875000 0.082031250 0.152343750 0.148437500 0.101562500 0.109375000 0.109375000 0.093750000 0.101562500 0.101562500 0.085937500 0.082031250 0.113281250 0.089843750 0.093750000 0.062500000 0.058593750 0.070312500 0.097656250 0.066406250 0.058593750 0.035156250 0.035156250 0.042968750 0.050781250 0.027343750 0.066406250 0.082031250 0.078125000 0.054687500 0.062500000 0.031250000 0.039062500 0.046875000 0.042968750 0.062500000 0.042968750 0.019531250 0.023437500 0.031250000 
0.023437500 0.054687500 0.054687500 0.027343750 0.058593750 0.050781250 0.074218750 0.039062500 0.074218750 0.062500000 0.074218750 0.054687500 0.066406250 0.066406250 0.078125000 0.058593750 0.070312500 0.054687500 0.062500000 0.046875000 0.050781250 0.031250000 0.031250000 0.027343750 0.019531250 0.019531250 0.027343750 0.027343750 0.035156250 0.039062500 0.042968750 0.042968750 0.023437500 0.019531250 0.019531250 0.015625000 0.023437500 0.027343750 0.011718750 0.015625000 0.000000000 0.000000000 
0.035156250 0.031250000 0.039062500 0.039062500 0.039062500 0.046875000 0.046875000 0.050781250 0.042968750 0.046875000 0.050781250 0.054687500 0.050781250 0.046875000 0.050781250 0.046875000 0.046875000 0.035156250 0.035156250 0.031250000 0.015625000 0.007812500 0.000000000 0.000000000 0.000000000 0.000000000 0.000000000 0.003906250 0.027343750 0.031250000 0.011718750 0.000000000 0.000000000 0.000000000 0.000000000 0.000000000 0.000000000 0.000000000 0.000000000 0.000000000 0.000000000 0.000000000 
0.000000000 0.000000000 0.000000000 0.000000000 0.000000000 0.000000000 0.000000000 0.000000000 0.000000000 0.000000000 0.000000000 0.000000000 0.000000000 0.000000000 0.000000000 0.000000000 0.000000000 0.000000000 0.000000000 0.000000000 0.000000000 0.000000000 0.000000000 0.000000000 0.000000000 0.000000000 0.000000000 0.000000000 0.000000000 0.000000000 0.000000000 0.000000000 0.000000000 0.000000000 0.000000000 0.000000000 0.000000000 0.000000000 0.000000000 0.000000000 0.000000000 0.000000000 
0.000000000 0.000000000 0.000000000 0.000000000 0.000000000 0.000000000 0.000000000 0.000000000 0.000000000 0.000000000 0.000000000 0.000000000 0.000000000 0.000000000 0.000000000 0.000000000 0.000000000 0.000000000 0.000000000 0.000000000 0.000000000 0.000000000 0.000000000 0.000000000 0.000000000 0.000000000 0.000000000 0.000000000 0.000000000 0.000000000 0.000000000 0.000000000 0.000000000 0.000000000 0.000000000 0.000000000 0.000000000 0.000000000 0.000000000 0.000000000 0.000000000 0.000000000 
0.000000000 0.000000000 0.000000000 0.000000000 0.000000000 0.000000000 0.000000000 0.000000000 0.000000000 0.000000000 0.000000000 0.000000000 0.000000000 0.000000000 0.000000000 0.000000000 0.000000000 0.000000000 0.000000000 0.000000000 0.000000000 0.000000000 0.000000000 0.000000000 0.000000000 0.000000000 0.000000000 0.000000000 0.000000000 0.000000000 0.000000000 0.000000000 0.000000000 0.000000000 0.000000000 0.000000000 0.000000000 0.000000000 0.000000000 0.000000000 0.000000000 0.000000000 
0.000000000 0.000000000 0.000000000 0.000000000 0.000000000 0.000000000 0.000000000 0.000000000 0.000000000 0.000000000 0.000000000 0.000000000 0.000000000 0.000000000 0.000000000 0.000000000 0.000000000 0.000000000 0.000000000 0.000000000 0.000000000 0.000000000 0.000000000 0.000000000 0.000000000 0.000000000 0.000000000 0.000000000 0.000000000 0.000000000 0.000000000 0.000000000 0.000000000 0.000000000 0.000000000 0.000000000 0.000000000 0.000000000 0.000000000 0.000000000 0.000000000 0.000000000 
0.007812500 0.011718750 0.015625000 0.011718750 0.011718750 0.015625000 0.015625000 0.015625000 0.019531250 0.019531250 0.019531250 0.019531250 0.023437500 0.023437500 0.023437500 0.027343750 0.027343750 0.031250000 0.031250000 0.031250000 0.035156250 0.023437500 0.019531250 0.019531250 0.023437500 0.023437500 0.027343750 0.027343750 0.027343750 0.011718750 0.000000000 0.000000000 0.000000000 0.000000000 0.000000000 0.000000000 0.000000000 0.000000000 0.000000000 0.000000000 0.000000000 0.000000000 
0.019531250 0.007812500 0.035156250 0.035156250 0.039062500 0.023437500 0.019531250 0.023437500 0.039062500 0.054687500 0.070312500 0.035156250 0.031250000 0.019531250 0.050781250 0.054687500 0.035156250 0.050781250 0.117187500 0.050781250 0.054687500 0.062500000 0.050781250 0.078125000 0.097656250 0.050781250 0.085937500 0.050781250 0.074218750 0.066406250 0.070312500 0.046875000 0.054687500 0.078125000 0.050781250 0.070312500 0.042968750 0.046875000 0.007812500 0.035156250 0.035156250 0.062500000 
0.019531250 0.015625000 0.066406250 0.031250000 0.054687500 0.031250000 0.035156250 0.054687500 0.089843750 0.062500000 0.066406250 0.046875000 0.042968750 0.031250000 0.058593750 0.109375000 0.085937500 0.109375000 0.246093750 0.085937500 0.082031250 0.082031250 0.074218750 0.085937500 0.156250000 0.078125000 0.093750000 0.082031250 0.097656250 0.125000000 0.144531250 0.117187500 0.167968750 0.152343750 0.074218750 0.105468750 0.062500000 0.058593750 0.066406250 0.074218750 0.070312500 0.148437500 
0.039062500 0.058593750 0.058593750 0.046875000 0.062500000 0.046875000 0.050781250 0.066406250 0.117187500 0.078125000 0.078125000 0.066406250 0.050781250 0.042968750 0.070312500 0.085937500 0.175781250 0.195312500 0.332031250 0.148437500 0.101562500 0.093750000 0.085937500 0.117187500 0.195312500 0.085937500 0.109375000 0.097656250 0.128906250 0.128906250 0.140625000 0.164062500 0.273437500 0.167968750 0.089843750 0.109375000 0.113281250 0.093750000 0.097656250 0.097656250 0.152343750 0.167968750 
0.027343750 0.062500000 0.082031250 0.031250000 0.042968750 0.132812500 0.093750000 0.062500000 0.156250000 0.070312500 0.050781250 0.117187500 0.078125000 0.093750000 0.066406250 0.128906250 0.250000000 0.281250000 0.390625000 0.183593750 0.117187500 0.113281250 0.109375000 0.089843750 0.160156250 0.085937500 0.078125000 0.113281250 0.121093750 0.121093750 0.128906250 0.183593750 0.257812500 0.253906250 0.175781250 0.156250000 0.125000000 0.117187500 0.105468750 0.132812500 0.171875000 0.195312500 
0.031250000 0.082031250 0.117187500 0.023437500 0.027343750 0.136718750 0.109375000 0.058593750 0.156250000 0.105468750 0.074218750 0.121093750 0.093750000 0.140625000 0.085937500 0.105468750 0.296875000 0.253906250 0.398437500 0.171875000 0.148437500 0.101562500 0.128906250 0.117187500 0.148437500 0.136718750 0.066406250 0.148437500 0.144531250 0.132812500 0.089843750 0.187500000 0.222656250 0.160156250 0.199218750 0.214843750 0.128906250 0.148437500 0.136718750 0.136718750 0.191406250 0.167968750 
0.031250000 0.078125000 0.113281250 0.011718750 0.042968750 0.132812500 0.136718750 0.066406250 0.207031250 0.128906250 0.128906250 0.207031250 0.109375000 0.195312500 0.082031250 0.121093750 0.394531250 0.265625000 0.371093750 0.105468750 0.117187500 0.117187500 0.164062500 0.093750000 0.105468750 0.148437500 0.089843750 0.164062500 0.121093750 0.132812500 0.156250000 0.175781250 0.125000000 0.160156250 0.199218750 0.222656250 0.164062500 0.175781250 0.164062500 0.152343750 0.191406250 0.183593750 
0.019531250 0.070312500 0.089843750 0.046875000 0.054687500 0.105468750 0.113281250 0.074218750 0.214843750 0.171875000 0.132812500 0.210937500 0.105468750 0.187500000 0.093750000 0.132812500 0.375000000 0.324218750 0.355468750 0.128906250 0.132812500 0.125000000 0.179687500 0.066406250 0.078125000 0.125000000 0.097656250 0.164062500 0.121093750 0.128906250 0.164062500 0.175781250 0.152343750 0.140625000 0.167968750 0.210937500 0.164062500 0.164062500 0.152343750 0.167968750 0.195312500 0.195312500 
0.039062500 0.039062500 0.054687500 0.046875000 0.050781250 0.097656250 0.078125000 0.070312500 0.195312500 0.152343750 0.113281250 0.195312500 0.117187500 0.199218750 0.101562500 0.246093750 0.378906250 0.289062500 0.269531250 0.121093750 0.093750000 0.078125000 0.152343750 0.109375000 0.132812500 0.160156250 0.140625000 0.101562500 0.148437500 0.121093750 0.148437500 0.152343750 0.125000000 0.136718750 0.132812500 0.121093750 0.152343750 0.121093750 0.167968750 0.171875000 0.148437500 0.164062500 
0.019531250 0.031250000 0.046875000 0.035156250 0.007812500 0.097656250 0.074218750 0.062500000 0.121093750 0.093750000 0.136718750 0.183593750 0.089843750 0.156250000 0.078125000 0.187500000 0.191406250 0.164062500 0.156250000 0.101562500 0.093750000 0.066406250 0.054687500 0.062500000 0.125000000 0.140625000 0.132812500 0.082031250 0.109375000 0.113281250 0.078125000 0.097656250 0.109375000 0.128906250 0.121093750 0.121093750 0.132812500 0.093750000 0.117187500 0.160156250 0.093750000 0.113281250 
0.023437500 0.011718750 0.039062500 0.039062500 0.023437500 0.074218750 0.074218750 0.031250000 0.031250000 0.058593750 0.105468750 0.164062500 0.089843750 0.128906250 0.085937500 0.171875000 0.164062500 0.121093750 0.046875000 0.074218750 0.062500000 0.031250000 0.050781250 0.058593750 0.117187500 0.109375000 0.113281250 0.078125000 0.113281250 0.082031250 0.070312500 0.093750000 0.074218750 0.078125000 0.074218750 0.093750000 0.089843750 0.062500000 0.074218750 0.125000000 0.058593750 0.042968750 
0.007812500 0.011718750 0.000000000 0.011718750 0.011718750 0.000000000 0.015625000 0.015625000 0.011718750 0.023437500 0.011718750 0.031250000 0.011718750 0.039062500 0.019531250 0.031250000 0.031250000 0.023437500 0.035156250 0.035156250 0.019531250 0.019531250 0.023437500 0.023437500 0.027343750 0.031250000 0.039062500 0.050781250 0.046875000 0.050781250 0.046875000 0.027343750 0.015625000 0.019531250 0.035156250 0.046875000 0.042968750 0.027343750 0.003906250 0.000000000 0.011718750 0.003906250 
