0.148437500 0.136718750 0.367187500 0.203125000 1.199218750 0.867187500 0.246093750 0.242187500 0.273437500 0.582031250 0.351562500 0.351562500 0.246093750 0.210937500 0.203125000 0.339843750 0.257812500 0.156250000 0.167968750 0.277343750 0.257812500 0.222656250 0.148437500 0.246093750 0.175781250 0.226562500 0.257812500 0.257812500 0.187500000 0.207031250 0.199218750 0.179687500 0.167968750 0.250000000 0.191406250 0.210937500 0.183593750 0.246093750 0.250000000 0.214843750 0.328125000 0.308593750 
0.171875000 0.234375000 0.562500000 0.656250000 1.164062500 0.558593750 0.257812500 0.269531250 0.296875000 0.816406250 0.542968750 0.273437500 0.273437500 0.234375000 0.152343750 0.304687500 0.328125000 0.179687500 0.187500000 0.261718750 0.128906250 0.222656250 0.136718750 0.156250000 0.191406250 0.226562500 0.250000000 0.230468750 0.148437500 0.191406250 0.160156250 0.214843750 0.164062500 0.191406250 0.171875000 0.160156250 0.179687500 0.242187500 0.238281250 0.203125000 0.269531250 0.269531250 
0.144531250 0.210937500 0.449218750 0.429687500 0.996093750 0.699218750 0.234375000 0.199218750 0.289062500 0.769531250 0.445312500 0.214843750 0.207031250 0.316406250 0.187500000 0.312500000 0.316406250 0.179687500 0.210937500 0.230468750 0.105468750 0.156250000 0.164062500 0.183593750 0.214843750 0.230468750 0.191406250 0.164062500 0.121093750 0.187500000 0.199218750 0.160156250 0.222656250 0.148437500 0.183593750 0.175781250 0.195312500 0.203125000 0.175781250 0.207031250 0.257812500 0.281250000 
0.238281250 0.285156250 0.367187500 0.410156250 0.792968750 0.621093750 0.250000000 0.214843750 0.242187500 0.632812500 0.453125000 0.277343750 0.269531250 0.347656250 0.160156250 0.339843750 0.304687500 0.199218750 0.269531250 0.238281250 0.101562500 0.175781250 0.179687500 0.199218750 0.191406250 0.230468750 0.187500000 0.148437500 0.144531250 0.191406250 0.179687500 0.156250000 0.250000000 0.132812500 0.187500000 0.179687500 0.230468750 0.179687500 0.191406250 0.277343750 0.257812500 0.277343750 
0.300781250 0.187500000 0.363281250 0.332031250 0.812500000 0.691406250 0.242187500 0.175781250 0.261718750 0.750000000 0.464843750 0.265625000 0.269531250 0.324218750 0.242187500 0.289062500 0.167968750 0.199218750 0.292968750 0.218750000 0.214843750 0.187500000 0.179687500 0.187500000 0.175781250 0.210937500 0.203125000 0.175781250 0.164062500 0.242187500 0.218750000 0.167968750 0.234375000 0.136718750 0.144531250 0.191406250 0.218750000 0.140625000 0.171875000 0.277343750 0.273437500 0.296875000 
0.289062500 0.253906250 0.308593750 0.445312500 0.871093750 0.593750000 0.207031250 0.191406250 0.273437500 0.742187500 0.351562500 0.222656250 0.230468750 0.234375000 0.320312500 0.234375000 0.222656250 0.187500000 0.203125000 0.210937500 0.199218750 0.203125000 0.156250000 0.156250000 0.140625000 0.214843750 0.214843750 0.195312500 0.222656250 0.222656250 0.203125000 0.136718750 0.171875000 0.128906250 0.125000000 0.191406250 0.242187500 0.238281250 0.246093750 0.296875000 0.324218750 0.281250000 
0.398437500 0.218750000 0.511718750 0.453125000 0.910156250 0.562500000 0.222656250 0.207031250 0.289062500 0.757812500 0.429687500 0.324218750 0.250000000 0.140625000 0.265625000 0.218750000 0.234375000 0.164062500 0.152343750 0.199218750 0.207031250 0.210937500 0.125000000 0.121093750 0.210937500 0.222656250 0.191406250 0.246093750 0.226562500 0.238281250 0.210937500 0.160156250 0.160156250 0.164062500 0.117187500 0.214843750 0.261718750 0.238281250 0.281250000 0.269531250 0.285156250 0.285156250 
0.218750000 0.160156250 0.335937500 0.394531250 0.843750000 0.531250000 0.101562500 0.203125000 0.292968750 0.617187500 0.277343750 0.222656250 0.378906250 0.226562500 0.179687500 0.156250000 0.304687500 0.218750000 0.144531250 0.136718750 0.109375000 0.152343750 0.093750000 0.187500000 0.183593750 0.214843750 0.164062500 0.226562500 0.253906250 0.246093750 0.199218750 0.187500000 0.171875000 0.179687500 0.148437500 0.207031250 0.273437500 0.265625000 0.285156250 0.289062500 0.234375000 0.308593750 
0.128906250 0.207031250 0.328125000 0.367187500 0.644531250 0.597656250 0.378906250 0.273437500 0.355468750 0.585937500 0.476562500 0.324218750 0.445312500 0.273437500 0.230468750 0.222656250 0.261718750 0.218750000 0.140625000 0.171875000 0.117187500 0.156250000 0.105468750 0.214843750 0.179687500 0.175781250 0.148437500 0.210937500 0.234375000 0.222656250 0.199218750 0.199218750 0.179687500 0.164062500 0.187500000 0.218750000 0.289062500 0.269531250 0.281250000 0.273437500 0.203125000 0.273437500 
0.285156250 0.304687500 0.277343750 0.371093750 0.734375000 0.441406250 0.265625000 0.425781250 0.312500000 0.546875000 0.410156250 0.355468750 0.406250000 0.308593750 0.265625000 0.207031250 0.261718750 0.203125000 0.167968750 0.214843750 0.121093750 0.128906250 0.125000000 0.214843750 0.148437500 0.148437500 0.171875000 0.105468750 0.222656250 0.234375000 0.203125000 0.203125000 0.175781250 0.164062500 0.187500000 0.214843750 0.242187500 0.273437500 0.226562500 0.289062500 0.214843750 0.269531250 
0.238281250 0.261718750 0.359375000 0.429687500 0.753906250 0.335937500 0.230468750 0.382812500 0.382812500 0.523437500 0.527343750 0.351562500 0.296875000 0.363281250 0.285156250 0.292968750 0.199218750 0.164062500 0.269531250 0.269531250 0.179687500 0.171875000 0.164062500 0.242187500 0.164062500 0.117187500 0.164062500 0.128906250 0.195312500 0.222656250 0.210937500 0.183593750 0.175781250 0.167968750 0.207031250 0.281250000 0.214843750 0.222656250 0.183593750 0.281250000 0.257812500 0.277343750 
0.320312500 0.250000000 0.355468750 0.542968750 0.769531250 0.453125000 0.199218750 0.218750000 0.453125000 0.535156250 0.457031250 0.230468750 0.218750000 0.246093750 0.246093750 0.261718750 0.257812500 0.207031250 0.265625000 0.363281250 0.214843750 0.183593750 0.136718750 0.250000000 0.164062500 0.144531250 0.171875000 0.152343750 0.234375000 0.300781250 0.191406250 0.179687500 0.253906250 0.175781250 0.218750000 0.257812500 0.230468750 0.222656250 0.179687500 0.285156250 0.273437500 0.261718750 
0.167968750 0.164062500 0.351562500 0.347656250 0.812500000 0.636718750 0.296875000 0.265625000 0.386718750 0.574218750 0.523437500 0.343750000 0.156250000 0.253906250 0.238281250 0.289062500 0.273437500 0.238281250 0.250000000 0.328125000 0.230468750 0.183593750 0.128906250 0.203125000 0.132812500 0.152343750 0.230468750 0.191406250 0.175781250 0.320312500 0.187500000 0.191406250 0.242187500 0.191406250 0.195312500 0.269531250 0.226562500 0.199218750 0.222656250 0.285156250 0.304687500 0.269531250 
0.292968750 0.171875000 0.292968750 0.488281250 1.027343750 0.390625000 0.175781250 0.203125000 0.289062500 0.605468750 0.441406250 0.367187500 0.289062500 0.285156250 0.230468750 0.292968750 0.289062500 0.257812500 0.226562500 0.308593750 0.203125000 0.195312500 0.191406250 0.156250000 0.175781250 0.195312500 0.222656250 0.199218750 0.218750000 0.292968750 0.242187500 0.234375000 0.242187500 0.234375000 0.246093750 0.304687500 0.242187500 0.171875000 0.191406250 0.203125000 0.226562500 0.265625000 
0.250000000 0.093750000 0.195312500 0.390625000 1.164062500 0.867187500 0.316406250 0.187500000 0.269531250 0.734375000 0.417968750 0.351562500 0.285156250 0.214843750 0.203125000 0.242187500 0.242187500 0.199218750 0.269531250 0.203125000 0.160156250 0.148437500 0.191406250 0.187500000 0.234375000 0.152343750 0.203125000 0.210937500 0.199218750 0.238281250 0.246093750 0.261718750 0.207031250 0.230468750 0.214843750 0.250000000 0.253906250 0.191406250 0.187500000 0.195312500 0.218750000 0.257812500 
0.152343750 0.183593750 0.410156250 0.253906250 0.980468750 0.578125000 0.367187500 0.320312500 0.292968750 0.671875000 0.421875000 0.281250000 0.203125000 0.296875000 0.191406250 0.230468750 0.347656250 0.242187500 0.214843750 0.164062500 0.156250000 0.140625000 0.187500000 0.214843750 0.230468750 0.144531250 0.187500000 0.226562500 0.187500000 0.164062500 0.214843750 0.210937500 0.156250000 0.203125000 0.226562500 0.222656250 0.207031250 0.222656250 0.230468750 0.238281250 0.246093750 0.261718750 
0.355468750 0.191406250 0.660156250 0.382812500 0.769531250 0.718750000 0.421875000 0.187500000 0.269531250 0.558593750 0.390625000 0.304687500 0.339843750 0.218750000 0.203125000 0.203125000 0.371093750 0.218750000 0.183593750 0.179687500 0.164062500 0.148437500 0.164062500 0.210937500 0.187500000 0.179687500 0.187500000 0.167968750 0.222656250 0.148437500 0.171875000 0.167968750 0.164062500 0.191406250 0.175781250 0.140625000 0.230468750 0.214843750 0.312500000 0.253906250 0.277343750 0.234375000 
0.167968750 0.179687500 0.648437500 0.437500000 0.582031250 0.757812500 0.492187500 0.339843750 0.203125000 0.476562500 0.546875000 0.339843750 0.308593750 0.230468750 0.242187500 0.183593750 0.386718750 0.207031250 0.125000000 0.148437500 0.187500000 0.222656250 0.199218750 0.179687500 0.175781250 0.203125000 0.187500000 0.179687500 0.261718750 0.117187500 0.148437500 0.187500000 0.195312500 0.203125000 0.183593750 0.175781250 0.222656250 0.250000000 0.343750000 0.273437500 0.257812500 0.285156250 
0.218750000 0.210937500 0.429687500 0.417968750 0.988281250 0.527343750 0.371093750 0.250000000 0.203125000 0.500000000 0.378906250 0.261718750 0.265625000 0.246093750 0.242187500 0.234375000 0.289062500 0.218750000 0.199218750 0.179687500 0.164062500 0.195312500 0.179687500 0.136718750 0.175781250 0.199218750 0.218750000 0.195312500 0.273437500 0.152343750 0.156250000 0.167968750 0.238281250 0.222656250 0.160156250 0.183593750 0.257812500 0.246093750 0.339843750 0.347656250 0.261718750 0.289062500 
0.187500000 0.347656250 0.402343750 0.242187500 0.890625000 0.531250000 0.277343750 0.191406250 0.218750000 0.503906250 0.289062500 0.238281250 0.171875000 0.308593750 0.285156250 0.234375000 0.175781250 0.203125000 0.250000000 0.183593750 0.214843750 0.214843750 0.179687500 0.160156250 0.242187500 0.210937500 0.167968750 0.183593750 0.234375000 0.167968750 0.187500000 0.203125000 0.246093750 0.191406250 0.210937500 0.167968750 0.238281250 0.257812500 0.246093750 0.273437500 0.261718750 0.277343750 
0.199218750 0.171875000 0.417968750 0.429687500 0.808593750 0.515625000 0.375000000 0.191406250 0.269531250 0.449218750 0.292968750 0.218750000 0.265625000 0.234375000 0.269531250 0.226562500 0.222656250 0.167968750 0.281250000 0.238281250 0.144531250 0.160156250 0.179687500 0.187500000 0.191406250 0.179687500 0.234375000 0.246093750 0.210937500 0.167968750 0.218750000 0.191406250 0.234375000 0.210937500 0.242187500 0.183593750 0.250000000 0.285156250 0.277343750 0.289062500 0.292968750 0.296875000 
0.343750000 0.320312500 0.566406250 0.492187500 0.656250000 0.667968750 0.410156250 0.191406250 0.386718750 0.480468750 0.324218750 0.316406250 0.257812500 0.210937500 0.222656250 0.257812500 0.300781250 0.250000000 0.335937500 0.246093750 0.214843750 0.171875000 0.136718750 0.156250000 0.167968750 0.191406250 0.242187500 0.214843750 0.187500000 0.171875000 0.187500000 0.214843750 0.210937500 0.218750000 0.234375000 0.152343750 0.246093750 0.167968750 0.238281250 0.308593750 0.277343750 0.269531250 
0.468750000 0.171875000 0.375000000 0.660156250 0.769531250 0.664062500 0.277343750 0.187500000 0.250000000 0.511718750 0.308593750 0.246093750 0.265625000 0.269531250 0.207031250 0.246093750 0.308593750 0.261718750 0.308593750 0.246093750 0.167968750 0.140625000 0.113281250 0.164062500 0.183593750 0.214843750 0.250000000 0.203125000 0.179687500 0.214843750 0.144531250 0.195312500 0.171875000 0.203125000 0.289062500 0.175781250 0.203125000 0.226562500 0.269531250 0.238281250 0.269531250 0.265625000 
0.167968750 0.136718750 0.332031250 0.476562500 0.937500000 0.558593750 0.191406250 0.222656250 0.179687500 0.546875000 0.449218750 0.253906250 0.210937500 0.273437500 0.207031250 0.242187500 0.292968750 0.316406250 0.257812500 0.242187500 0.125000000 0.136718750 0.148437500 0.234375000 0.234375000 0.164062500 0.269531250 0.210937500 0.203125000 0.179687500 0.164062500 0.218750000 0.187500000 0.179687500 0.242187500 0.144531250 0.191406250 0.230468750 0.257812500 0.207031250 0.242187500 0.269531250 
0.449218750 0.160156250 0.140625000 0.277343750 0.851562500 0.921875000 0.484375000 0.460937500 0.367187500 0.500000000 0.554687500 0.316406250 0.242187500 0.308593750 0.222656250 0.199218750 0.234375000 0.234375000 0.207031250 0.238281250 0.187500000 0.179687500 0.195312500 0.312500000 0.312500000 0.199218750 0.195312500 0.199218750 0.238281250 0.167968750 0.191406250 0.214843750 0.218750000 0.207031250 0.191406250 0.167968750 0.156250000 0.261718750 0.203125000 0.187500000 0.242187500 0.261718750 
0.203125000 0.210937500 0.308593750 0.421875000 1.000000000 0.890625000 0.277343750 0.378906250 0.363281250 0.449218750 0.382812500 0.347656250 0.308593750 0.226562500 0.179687500 0.109375000 0.203125000 0.296875000 0.269531250 0.207031250 0.109375000 0.128906250 0.132812500 0.296875000 0.238281250 0.144531250 0.187500000 0.195312500 0.218750000 0.167968750 0.203125000 0.199218750 0.183593750 0.246093750 0.156250000 0.160156250 0.171875000 0.187500000 0.183593750 0.183593750 0.234375000 0.300781250 
0.230468750 0.257812500 0.300781250 0.394531250 0.949218750 0.542968750 0.347656250 0.285156250 0.347656250 0.378906250 0.589843750 0.519531250 0.328125000 0.269531250 0.195312500 0.113281250 0.210937500 0.289062500 0.222656250 0.167968750 0.164062500 0.183593750 0.128906250 0.250000000 0.250000000 0.218750000 0.187500000 0.257812500 0.191406250 0.152343750 0.207031250 0.218750000 0.191406250 0.261718750 0.210937500 0.214843750 0.218750000 0.203125000 0.257812500 0.207031250 0.257812500 0.320312500 
0.257812500 0.242187500 0.460937500 0.558593750 0.937500000 0.761718750 0.308593750 0.402343750 0.507812500 0.644531250 0.507812500 0.574218750 0.304687500 0.242187500 0.156250000 0.121093750 0.222656250 0.261718750 0.187500000 0.203125000 0.195312500 0.156250000 0.125000000 0.187500000 0.261718750 0.214843750 0.207031250 0.203125000 0.195312500 0.156250000 0.210937500 0.210937500 0.167968750 0.265625000 0.214843750 0.246093750 0.261718750 0.253906250 0.289062500 0.191406250 0.234375000 0.316406250 
0.226562500 0.265625000 0.644531250 0.496093750 0.898437500 0.492187500 0.234375000 0.316406250 0.441406250 0.699218750 0.570312500 0.523437500 0.191406250 0.160156250 0.191406250 0.128906250 0.175781250 0.175781250 0.140625000 0.191406250 0.175781250 0.230468750 0.132812500 0.156250000 0.175781250 0.253906250 0.226562500 0.183593750 0.207031250 0.128906250 0.191406250 0.191406250 0.152343750 0.175781250 0.226562500 0.281250000 0.285156250 0.238281250 0.277343750 0.179687500 0.203125000 0.269531250 
0.214843750 0.167968750 0.421875000 0.468750000 1.066406250 0.671875000 0.195312500 0.269531250 0.402343750 0.738281250 0.316406250 0.320312500 0.304687500 0.140625000 0.214843750 0.167968750 0.187500000 0.187500000 0.195312500 0.187500000 0.199218750 0.210937500 0.175781250 0.230468750 0.175781250 0.199218750 0.222656250 0.210937500 0.222656250 0.222656250 0.214843750 0.191406250 0.203125000 0.210937500 0.230468750 0.289062500 0.308593750 0.246093750 0.230468750 0.253906250 0.234375000 0.250000000 
0.277343750 0.148437500 0.378906250 0.597656250 1.273437500 0.593750000 0.175781250 0.273437500 0.382812500 0.617187500 0.367187500 0.312500000 0.308593750 0.210937500 0.277343750 0.207031250 0.207031250 0.156250000 0.238281250 0.175781250 0.144531250 0.218750000 0.136718750 0.121093750 0.148437500 0.171875000 0.218750000 0.250000000 0.222656250 0.214843750 0.218750000 0.183593750 0.175781250 0.214843750 0.222656250 0.238281250 0.261718750 0.199218750 0.167968750 0.257812500 0.250000000 0.234375000 
0.203125000 0.160156250 0.523437500 0.496093750 1.156250000 0.539062500 0.269531250 0.269531250 0.371093750 0.625000000 0.332031250 0.339843750 0.257812500 0.218750000 0.289062500 0.218750000 0.167968750 0.253906250 0.300781250 0.265625000 0.199218750 0.160156250 0.160156250 0.160156250 0.183593750 0.160156250 0.175781250 0.253906250 0.195312500 0.250000000 0.175781250 0.148437500 0.281250000 0.257812500 0.250000000 0.250000000 0.253906250 0.230468750 0.222656250 0.277343750 0.300781250 0.273437500 
0.234375000 0.234375000 0.335937500 0.628906250 1.046875000 0.800781250 0.320312500 0.253906250 0.480468750 0.617187500 0.351562500 0.351562500 0.308593750 0.218750000 0.304687500 0.253906250 0.277343750 0.292968750 0.230468750 0.210937500 0.148437500 0.230468750 0.148437500 0.156250000 0.191406250 0.250000000 0.218750000 0.226562500 0.187500000 0.222656250 0.175781250 0.179687500 0.277343750 0.238281250 0.222656250 0.222656250 0.218750000 0.218750000 0.183593750 0.203125000 0.226562500 0.269531250 
0.257812500 0.183593750 0.367187500 0.445312500 0.996093750 0.519531250 0.214843750 0.175781250 0.253906250 0.613281250 0.402343750 0.250000000 0.312500000 0.269531250 0.375000000 0.300781250 0.281250000 0.285156250 0.281250000 0.230468750 0.187500000 0.214843750 0.148437500 0.140625000 0.222656250 0.277343750 0.179687500 0.195312500 0.179687500 0.218750000 0.140625000 0.222656250 0.261718750 0.226562500 0.171875000 0.210937500 0.230468750 0.203125000 0.207031250 0.242187500 0.242187500 0.230468750 
0.351562500 0.171875000 0.335937500 0.585937500 1.070312500 0.722656250 0.253906250 0.214843750 0.359375000 0.597656250 0.484375000 0.214843750 0.304687500 0.203125000 0.378906250 0.335937500 0.300781250 0.269531250 0.300781250 0.140625000 0.148437500 0.183593750 0.140625000 0.140625000 0.222656250 0.292968750 0.281250000 0.175781250 0.171875000 0.242187500 0.148437500 0.210937500 0.191406250 0.230468750 0.156250000 0.230468750 0.242187500 0.210937500 0.210937500 0.242187500 0.226562500 0.226562500 
0.128906250 0.203125000 0.488281250 0.433593750 0.941406250 0.597656250 0.261718750 0.191406250 0.316406250 0.570312500 0.269531250 0.335937500 0.273437500 0.199218750 0.320312500 0.335937500 0.312500000 0.246093750 0.226562500 0.171875000 0.183593750 0.265625000 0.148437500 0.140625000 0.179687500 0.203125000 0.253906250 0.207031250 0.218750000 0.199218750 0.183593750 0.195312500 0.156250000 0.183593750 0.152343750 0.210937500 0.234375000 0.257812500 0.253906250 0.257812500 0.238281250 0.210937500 
0.152343750 0.242187500 0.300781250 0.445312500 0.910156250 0.488281250 0.277343750 0.187500000 0.230468750 0.683593750 0.386718750 0.339843750 0.234375000 0.214843750 0.292968750 0.230468750 0.332031250 0.281250000 0.222656250 0.156250000 0.160156250 0.265625000 0.203125000 0.195312500 0.164062500 0.179687500 0.250000000 0.171875000 0.222656250 0.210937500 0.183593750 0.167968750 0.160156250 0.148437500 0.164062500 0.226562500 0.214843750 0.261718750 0.214843750 0.253906250 0.246093750 0.222656250 
0.269531250 0.156250000 0.191406250 0.218750000 0.468750000 0.484375000 0.390625000 0.238281250 0.226562500 0.644531250 0.507812500 0.406250000 0.179687500 0.160156250 0.304687500 0.261718750 0.246093750 0.281250000 0.214843750 0.175781250 0.171875000 0.214843750 0.199218750 0.253906250 0.269531250 0.199218750 0.132812500 0.175781250 0.199218750 0.234375000 0.226562500 0.175781250 0.218750000 0.140625000 0.183593750 0.191406250 0.265625000 0.265625000 0.230468750 0.261718750 0.285156250 0.304687500 
0.214843750 0.191406250 0.324218750 0.226562500 0.703125000 0.808593750 0.328125000 0.253906250 0.226562500 0.710937500 0.414062500 0.292968750 0.199218750 0.210937500 0.195312500 0.140625000 0.152343750 0.230468750 0.203125000 0.156250000 0.144531250 0.210937500 0.164062500 0.199218750 0.226562500 0.183593750 0.164062500 0.160156250 0.160156250 0.214843750 0.230468750 0.179687500 0.179687500 0.125000000 0.191406250 0.210937500 0.253906250 0.300781250 0.222656250 0.246093750 0.285156250 0.253906250 
0.433593750 0.253906250 0.308593750 0.253906250 0.726562500 0.753906250 0.234375000 0.125000000 0.136718750 0.593750000 0.562500000 0.460937500 0.296875000 0.234375000 0.195312500 0.253906250 0.144531250 0.261718750 0.183593750 0.105468750 0.156250000 0.183593750 0.167968750 0.183593750 0.246093750 0.191406250 0.156250000 0.183593750 0.140625000 0.179687500 0.230468750 0.199218750 0.175781250 0.132812500 0.214843750 0.230468750 0.250000000 0.281250000 0.230468750 0.222656250 0.277343750 0.312500000 
0.265625000 0.175781250 0.343750000 0.449218750 0.691406250 0.957031250 0.261718750 0.199218750 0.226562500 0.710937500 0.562500000 0.449218750 0.234375000 0.179687500 0.222656250 0.238281250 0.140625000 0.207031250 0.265625000 0.218750000 0.183593750 0.160156250 0.152343750 0.199218750 0.179687500 0.207031250 0.207031250 0.195312500 0.167968750 0.183593750 0.238281250 0.183593750 0.171875000 0.156250000 0.234375000 0.207031250 0.250000000 0.257812500 0.234375000 0.226562500 0.273437500 0.269531250 
0.230468750 0.136718750 0.175781250 0.230468750 0.488281250 0.664062500 0.308593750 0.253906250 0.199218750 0.750000000 0.761718750 0.406250000 0.238281250 0.195312500 0.238281250 0.253906250 0.210937500 0.347656250 0.210937500 0.289062500 0.222656250 0.210937500 0.117187500 0.136718750 0.199218750 0.199218750 0.218750000 0.203125000 0.156250000 0.160156250 0.226562500 0.242187500 0.230468750 0.187500000 0.273437500 0.203125000 0.222656250 0.289062500 0.257812500 0.183593750 0.214843750 0.257812500 
0.214843750 0.300781250 0.398437500 0.175781250 0.660156250 0.539062500 0.289062500 0.183593750 0.261718750 0.792968750 0.472656250 0.179687500 0.292968750 0.269531250 0.242187500 0.140625000 0.234375000 0.292968750 0.179687500 0.296875000 0.218750000 0.187500000 0.148437500 0.128906250 0.164062500 0.167968750 0.230468750 0.226562500 0.164062500 0.160156250 0.195312500 0.203125000 0.234375000 0.160156250 0.234375000 0.183593750 0.218750000 0.285156250 0.261718750 0.187500000 0.242187500 0.207031250 
0.238281250 0.300781250 0.562500000 0.277343750 0.777343750 0.464843750 0.281250000 0.210937500 0.261718750 0.777343750 0.566406250 0.277343750 0.335937500 0.175781250 0.242187500 0.156250000 0.230468750 0.289062500 0.144531250 0.296875000 0.214843750 0.230468750 0.148437500 0.152343750 0.226562500 0.160156250 0.187500000 0.179687500 0.148437500 0.136718750 0.160156250 0.218750000 0.242187500 0.203125000 0.250000000 0.195312500 0.210937500 0.277343750 0.257812500 0.253906250 0.250000000 0.199218750 
0.066406250 0.281250000 0.406250000 0.363281250 0.949218750 0.539062500 0.417968750 0.292968750 0.429687500 0.687500000 0.589843750 0.195312500 0.292968750 0.164062500 0.187500000 0.261718750 0.261718750 0.210937500 0.246093750 0.273437500 0.273437500 0.238281250 0.175781250 0.152343750 0.164062500 0.230468750 0.191406250 0.183593750 0.156250000 0.191406250 0.117187500 0.167968750 0.214843750 0.214843750 0.218750000 0.171875000 0.210937500 0.218750000 0.238281250 0.269531250 0.253906250 0.207031250 
0.132812500 0.250000000 0.460937500 0.750000000 1.128906250 0.609375000 0.464843750 0.328125000 0.359375000 0.531250000 0.453125000 0.273437500 0.226562500 0.187500000 0.167968750 0.257812500 0.269531250 0.160156250 0.347656250 0.328125000 0.171875000 0.191406250 0.136718750 0.152343750 0.199218750 0.203125000 0.167968750 0.210937500 0.191406250 0.171875000 0.136718750 0.167968750 0.250000000 0.199218750 0.257812500 0.250000000 0.171875000 0.160156250 0.257812500 0.257812500 0.226562500 0.234375000 
0.144531250 0.246093750 0.671875000 0.515625000 1.097656250 0.882812500 0.437500000 0.210937500 0.144531250 0.687500000 0.511718750 0.289062500 0.253906250 0.230468750 0.265625000 0.253906250 0.277343750 0.210937500 0.359375000 0.277343750 0.164062500 0.140625000 0.121093750 0.171875000 0.207031250 0.234375000 0.179687500 0.191406250 0.175781250 0.167968750 0.140625000 0.175781250 0.246093750 0.207031250 0.250000000 0.238281250 0.179687500 0.160156250 0.246093750 0.285156250 0.238281250 0.281250000 
0.382812500 0.250000000 0.664062500 0.414062500 1.007812500 0.656250000 0.320312500 0.183593750 0.285156250 0.617187500 0.570312500 0.257812500 0.183593750 0.222656250 0.253906250 0.132812500 0.265625000 0.273437500 0.320312500 0.269531250 0.167968750 0.105468750 0.132812500 0.156250000 0.214843750 0.226562500 0.160156250 0.164062500 0.121093750 0.140625000 0.175781250 0.195312500 0.226562500 0.175781250 0.187500000 0.210937500 0.226562500 0.234375000 0.222656250 0.222656250 0.269531250 0.324218750 
0.230468750 0.320312500 0.371093750 0.410156250 1.031250000 0.683593750 0.273437500 0.199218750 0.257812500 0.839843750 0.500000000 0.273437500 0.203125000 0.269531250 0.281250000 0.179687500 0.265625000 0.238281250 0.277343750 0.187500000 0.160156250 0.144531250 0.121093750 0.164062500 0.246093750 0.210937500 0.171875000 0.222656250 0.121093750 0.187500000 0.191406250 0.183593750 0.230468750 0.218750000 0.203125000 0.195312500 0.210937500 0.238281250 0.242187500 0.218750000 0.238281250 0.289062500 
0.238281250 0.285156250 0.421875000 0.488281250 0.894531250 0.636718750 0.281250000 0.253906250 0.246093750 0.898437500 0.500000000 0.207031250 0.222656250 0.246093750 0.320312500 0.304687500 0.335937500 0.253906250 0.375000000 0.167968750 0.164062500 0.148437500 0.140625000 0.199218750 0.230468750 0.183593750 0.152343750 0.226562500 0.125000000 0.187500000 0.179687500 0.179687500 0.187500000 0.218750000 0.207031250 0.199218750 0.238281250 0.265625000 0.253906250 0.257812500 0.218750000 0.281250000 
0.183593750 0.292968750 1.019531250 0.859375000 0.789062500 0.765625000 0.542968750 0.320312500 0.246093750 0.785156250 0.421875000 0.371093750 0.304687500 0.308593750 0.328125000 0.253906250 0.289062500 0.269531250 0.382812500 0.203125000 0.121093750 0.191406250 0.140625000 0.175781250 0.210937500 0.156250000 0.097656250 0.187500000 0.183593750 0.191406250 0.144531250 0.160156250 0.214843750 0.242187500 0.226562500 0.203125000 0.191406250 0.246093750 0.246093750 0.238281250 0.156250000 0.277343750 
0.289062500 0.515625000 1.429687500 0.804687500 0.968750000 1.792968750 0.695312500 0.453125000 0.472656250 0.835937500 0.410156250 0.464843750 0.312500000 0.351562500 0.250000000 0.386718750 0.359375000 0.296875000 0.289062500 0.210937500 0.167968750 0.152343750 0.214843750 0.203125000 0.171875000 0.167968750 0.156250000 0.207031250 0.183593750 0.167968750 0.160156250 0.195312500 0.207031250 0.214843750 0.179687500 0.226562500 0.292968750 0.273437500 0.226562500 0.273437500 0.214843750 0.308593750 
0.332031250 0.660156250 1.746093750 1.042968750 1.523437500 2.687500000 0.769531250 0.421875000 0.539062500 0.714843750 0.441406250 0.429687500 0.339843750 0.304687500 0.437500000 0.398437500 0.355468750 0.269531250 0.242187500 0.171875000 0.160156250 0.164062500 0.175781250 0.210937500 0.136718750 0.160156250 0.187500000 0.132812500 0.183593750 0.218750000 0.144531250 0.175781250 0.222656250 0.183593750 0.183593750 0.246093750 0.242187500 0.308593750 0.238281250 0.257812500 0.222656250 0.308593750 
0.289062500 0.496093750 2.593750000 0.925781250 2.082031250 4.464843750 1.113281250 1.125000000 0.726562500 0.882812500 0.378906250 0.421875000 0.328125000 0.410156250 0.539062500 0.441406250 0.359375000 0.207031250 0.222656250 0.277343750 0.199218750 0.199218750 0.242187500 0.242187500 0.203125000 0.179687500 0.199218750 0.195312500 0.285156250 0.234375000 0.226562500 0.199218750 0.222656250 0.214843750 0.207031250 0.250000000 0.273437500 0.300781250 0.335937500 0.250000000 0.332031250 0.351562500 
0.453125000 0.660156250 2.949218750 0.535156250 2.519531250 4.480468750 0.531250000 0.929687500 0.734375000 0.832031250 0.464843750 0.265625000 0.191406250 0.234375000 0.492187500 0.527343750 0.292968750 0.238281250 0.312500000 0.222656250 0.191406250 0.175781250 0.199218750 0.195312500 0.187500000 0.191406250 0.191406250 0.214843750 0.226562500 0.179687500 0.175781250 0.175781250 0.199218750 0.136718750 0.199218750 0.210937500 0.210937500 0.281250000 0.238281250 0.269531250 0.277343750 0.269531250 
0.398437500 0.789062500 3.710937500 2.167968750 2.761718750 4.546875000 1.445312500 1.347656250 1.246093750 1.031250000 0.535156250 0.417968750 0.441406250 0.414062500 0.531250000 0.636718750 0.398437500 0.351562500 0.414062500 0.476562500 0.332031250 0.402343750 0.234375000 0.328125000 0.285156250 0.300781250 0.347656250 0.343750000 0.355468750 0.320312500 0.355468750 0.343750000 0.328125000 0.281250000 0.312500000 0.367187500 0.269531250 0.339843750 0.378906250 0.351562500 0.484375000 0.480468750 
1.238281250 1.625000000 3.929687500 2.406250000 4.902343750 5.914062500 2.597656250 1.082031250 1.667968750 1.589843750 0.996093750 0.945312500 0.808593750 0.699218750 0.906250000 0.898437500 0.535156250 0.542968750 0.511718750 0.367187500 0.253906250 0.386718750 0.402343750 0.437500000 0.406250000 0.375000000 0.394531250 0.449218750 0.414062500 0.347656250 0.367187500 0.402343750 0.328125000 0.312500000 0.332031250 0.343750000 0.339843750 0.445312500 0.355468750 0.472656250 0.488281250 0.464843750 
1.484375000 2.816406250 4.257812500 1.664062500 5.714843750 4.445312500 1.339843750 1.238281250 1.031250000 0.937500000 0.921875000 0.601562500 0.777343750 0.589843750 0.687500000 0.902343750 0.433593750 0.382812500 0.253906250 0.382812500 0.339843750 0.359375000 0.281250000 0.359375000 0.359375000 0.277343750 0.246093750 0.328125000 0.257812500 0.253906250 0.222656250 0.359375000 0.328125000 0.332031250 0.328125000 0.371093750 0.324218750 0.269531250 0.285156250 0.312500000 0.324218750 0.316406250 
1.238281250 3.242187500 5.476562500 2.406250000 6.066406250 5.433593750 1.539062500 1.320312500 1.363281250 1.160156250 1.007812500 0.925781250 0.652343750 0.507812500 0.980468750 0.765625000 0.332031250 0.363281250 0.421875000 0.445312500 0.300781250 0.394531250 0.304687500 0.429687500 0.488281250 0.378906250 0.296875000 0.253906250 0.285156250 0.253906250 0.218750000 0.312500000 0.335937500 0.316406250 0.324218750 0.375000000 0.343750000 0.304687500 0.320312500 0.328125000 0.335937500 0.324218750 
1.882812500 3.937500000 7.515625000 2.953125000 7.417968750 5.085937500 1.097656250 0.785156250 0.750000000 0.718750000 0.742187500 1.386718750 0.769531250 0.621093750 1.003906250 0.750000000 0.449218750 0.390625000 0.355468750 0.347656250 0.281250000 0.378906250 0.292968750 0.394531250 0.343750000 0.417968750 0.320312500 0.214843750 0.222656250 0.175781250 0.152343750 0.355468750 0.335937500 0.289062500 0.332031250 0.355468750 0.277343750 0.261718750 0.253906250 0.320312500 0.296875000 0.320312500 
0.996093750 3.292968750 8.625000000 3.007812500 7.523437500 8.187500000 3.933593750 2.902343750 2.531250000 3.519531250 3.531250000 2.300781250 1.023437500 0.847656250 1.054687500 0.664062500 0.312500000 0.402343750 0.476562500 0.507812500 0.507812500 0.437500000 0.332031250 0.488281250 0.449218750 0.359375000 0.269531250 0.285156250 0.328125000 0.257812500 0.265625000 0.410156250 0.316406250 0.261718750 0.285156250 0.351562500 0.304687500 0.328125000 0.328125000 0.296875000 0.363281250 0.406250000 
1.289062500 3.968750000 8.914062500 2.664062500 7.972656250 9.734375000 2.609375000 2.871093750 4.476562500 9.390625000 4.984375000 2.828125000 2.062500000 2.234375000 1.175781250 1.117187500 0.667968750 0.761718750 0.628906250 0.742187500 0.660156250 0.820312500 0.664062500 0.761718750 0.843750000 0.804687500 0.738281250 0.675781250 0.609375000 0.640625000 0.589843750 0.652343750 0.718750000 0.660156250 0.695312500 0.718750000 0.699218750 0.796875000 0.906250000 0.882812500 0.875000000 0.859375000 
2.121093750 4.351562500 9.308593750 4.031250000 9.046875000 9.570312500 2.539062500 2.625000000 3.949218750 12.832031250 3.710937500 4.640625000 3.929687500 2.390625000 2.039062500 1.429687500 0.433593750 0.523437500 0.574218750 0.636718750 0.539062500 0.757812500 0.773437500 0.480468750 0.554687500 0.433593750 0.562500000 0.480468750 0.472656250 0.562500000 0.402343750 0.375000000 0.378906250 0.382812500 0.429687500 0.437500000 0.507812500 0.597656250 0.562500000 0.496093750 0.558593750 0.609375000 
1.605468750 4.437500000 9.972656250 3.285156250 7.929687500 6.457031250 2.519531250 2.777343750 6.261718750 16.007812500 6.832031250 4.015625000 3.093750000 3.214843750 2.109375000 1.585937500 0.765625000 0.765625000 0.640625000 0.519531250 0.570312500 0.703125000 0.621093750 0.589843750 0.746093750 0.449218750 0.382812500 0.398437500 0.414062500 0.644531250 0.437500000 0.460937500 0.425781250 0.445312500 0.468750000 0.472656250 0.382812500 0.687500000 0.582031250 0.542968750 0.597656250 0.492187500 
2.281250000 5.109375000 10.074218750 3.054687500 7.363281250 4.816406250 1.082031250 1.195312500 6.238281250 14.730468750 6.527343750 4.390625000 3.230468750 3.437500000 3.050781250 2.406250000 1.722656250 1.519531250 1.285156250 1.144531250 1.093750000 1.234375000 0.953125000 1.011718750 1.250000000 1.113281250 0.964843750 0.992187500 0.984375000 0.964843750 0.964843750 0.980468750 0.929687500 0.953125000 0.941406250 0.929687500 1.058593750 1.398437500 1.007812500 0.964843750 1.089843750 1.074218750 
3.789062500 6.562500000 9.324218750 1.984375000 5.097656250 2.785156250 0.531250000 2.468750000 7.640625000 14.031250000 4.351562500 6.179687500 4.000000000 4.003906250 3.859375000 1.703125000 0.871093750 0.589843750 0.406250000 0.558593750 0.605468750 0.605468750 0.445312500 0.472656250 0.566406250 0.378906250 0.265625000 0.238281250 0.246093750 0.488281250 0.464843750 0.394531250 0.281250000 0.246093750 0.320312500 0.304687500 0.492187500 1.207031250 0.710937500 0.500000000 0.468750000 0.343750000 
2.355468750 5.238281250 11.023437500 3.789062500 5.890625000 2.964843750 1.804687500 1.535156250 7.101562500 15.011718750 6.378906250 5.953125000 3.742187500 2.589843750 3.167968750 1.335937500 0.863281250 0.472656250 0.414062500 0.558593750 0.316406250 0.546875000 0.285156250 0.406250000 0.562500000 0.484375000 0.253906250 0.187500000 0.253906250 0.523437500 0.269531250 0.308593750 0.210937500 0.187500000 0.183593750 0.218750000 0.578125000 1.097656250 0.656250000 0.363281250 0.335937500 0.308593750 
1.566406250 4.921875000 11.621093750 3.230468750 4.316406250 3.230468750 2.343750000 3.855468750 8.757812500 15.378906250 5.128906250 7.589843750 4.464843750 2.613281250 3.734375000 1.113281250 0.898437500 0.402343750 0.312500000 0.597656250 0.226562500 0.656250000 0.296875000 0.433593750 0.500000000 0.449218750 0.250000000 0.214843750 0.257812500 0.566406250 0.300781250 0.367187500 0.339843750 0.273437500 0.265625000 0.250000000 0.980468750 1.359375000 0.738281250 0.585937500 0.421875000 0.375000000 
1.562500000 5.378906250 11.648437500 2.917968750 5.425781250 3.667968750 1.226562500 1.953125000 6.382812500 15.761718750 8.125000000 9.156250000 4.949218750 3.746093750 5.660156250 2.355468750 1.742187500 1.656250000 1.562500000 1.484375000 1.066406250 1.406250000 1.367187500 1.128906250 1.187500000 1.378906250 1.179687500 1.179687500 1.144531250 1.222656250 1.113281250 1.195312500 1.136718750 1.164062500 1.128906250 1.082031250 1.820312500 2.035156250 1.234375000 1.300781250 1.242187500 1.437500000 
2.082031250 5.445312500 11.878906250 3.339843750 6.089843750 4.007812500 1.457031250 3.511718750 8.058593750 16.378906250 8.128906250 9.503906250 4.898437500 3.972656250 6.144531250 1.515625000 0.941406250 0.859375000 0.457031250 0.769531250 0.566406250 0.839843750 0.675781250 0.667968750 0.851562500 0.683593750 0.632812500 0.628906250 0.578125000 0.789062500 0.562500000 0.656250000 0.578125000 0.562500000 0.656250000 0.535156250 1.703125000 1.792968750 0.980468750 0.613281250 0.785156250 0.785156250 
2.347656250 5.351562500 11.773437500 3.445312500 5.925781250 5.863281250 3.484375000 3.597656250 9.027343750 15.988281250 6.777343750 7.527343750 3.523437500 4.097656250 7.742187500 3.015625000 2.113281250 1.503906250 1.140625000 0.898437500 0.726562500 0.777343750 0.636718750 0.593750000 0.710937500 0.699218750 0.562500000 0.605468750 0.605468750 0.667968750 0.378906250 0.558593750 0.375000000 0.476562500 0.460937500 0.542968750 1.796875000 1.824218750 1.011718750 0.562500000 0.605468750 0.613281250 
3.371093750 6.378906250 11.281250000 2.695312500 6.144531250 4.160156250 1.269531250 2.984375000 7.210937500 16.183593750 7.621093750 7.761718750 3.902343750 4.824218750 8.089843750 3.238281250 2.453125000 1.753906250 1.179687500 1.527343750 1.015625000 1.289062500 1.191406250 1.273437500 0.964843750 0.773437500 0.792968750 0.847656250 0.933593750 0.859375000 0.824218750 0.917968750 0.875000000 0.902343750 0.941406250 1.097656250 2.132812500 1.953125000 1.191406250 0.988281250 0.968750000 1.046875000 
3.882812500 7.167968750 10.839843750 1.765625000 5.359375000 3.660156250 1.585937500 2.894531250 7.773437500 15.652343750 8.148437500 10.187500000 4.292968750 5.539062500 7.687500000 3.402343750 1.406250000 1.054687500 0.695312500 1.007812500 0.386718750 0.746093750 0.402343750 0.675781250 0.636718750 0.445312500 0.347656250 0.335937500 0.304687500 0.378906250 0.277343750 0.531250000 0.304687500 0.253906250 0.296875000 0.320312500 1.539062500 1.886718750 0.781250000 0.429687500 0.425781250 0.472656250 
1.933593750 5.574218750 12.066406250 4.363281250 6.863281250 3.035156250 1.425781250 2.042968750 6.570312500 14.238281250 8.257812500 9.730468750 2.941406250 2.878906250 7.570312500 5.566406250 2.820312500 1.312500000 0.714843750 0.882812500 0.535156250 0.804687500 0.476562500 0.824218750 0.691406250 0.300781250 0.355468750 0.316406250 0.296875000 0.441406250 0.292968750 0.429687500 0.312500000 0.242187500 0.316406250 0.285156250 1.199218750 2.234375000 1.187500000 0.539062500 0.578125000 0.535156250 
1.839843750 5.558593750 12.269531250 3.820312500 4.757812500 3.710937500 1.753906250 2.605468750 6.582031250 14.207031250 9.531250000 8.851562500 2.160156250 3.500000000 8.496093750 8.101562500 3.050781250 1.296875000 1.046875000 1.136718750 0.566406250 1.199218750 0.832031250 0.781250000 0.652343750 0.359375000 0.332031250 0.296875000 0.238281250 0.328125000 0.160156250 0.363281250 0.277343750 0.238281250 0.273437500 0.253906250 1.046875000 2.175781250 1.007812500 0.382812500 0.535156250 0.464843750 
2.222656250 5.957031250 12.367187500 3.183593750 5.308593750 2.937500000 1.011718750 1.675781250 4.574218750 9.035156250 7.222656250 9.281250000 3.246093750 3.277343750 7.156250000 10.339843750 2.070312500 1.230468750 0.882812500 1.800781250 1.871093750 1.796875000 1.585937500 1.148437500 0.941406250 1.179687500 1.140625000 0.988281250 1.015625000 1.015625000 1.003906250 0.992187500 0.898437500 0.898437500 1.003906250 1.121093750 1.324218750 1.820312500 1.453125000 1.058593750 1.078125000 1.167968750 
2.839843750 6.730468750 12.542968750 3.082031250 5.578125000 4.171875000 2.296875000 1.863281250 4.906250000 9.238281250 7.695312500 6.835937500 2.417968750 4.460937500 5.625000000 9.656250000 3.207031250 1.132812500 1.167968750 1.433593750 1.636718750 2.105468750 1.183593750 0.773437500 0.609375000 0.406250000 0.324218750 0.371093750 0.316406250 0.285156250 0.355468750 0.378906250 0.324218750 0.339843750 0.343750000 0.339843750 0.402343750 0.824218750 0.773437500 0.449218750 0.605468750 0.601562500 
3.082031250 7.113281250 12.605468750 3.472656250 4.921875000 3.347656250 1.757812500 1.269531250 4.660156250 11.839843750 6.488281250 6.593750000 2.917968750 3.386718750 4.960937500 8.664062500 4.488281250 1.593750000 1.269531250 2.218750000 2.210937500 2.539062500 0.976562500 0.871093750 0.617187500 0.593750000 0.582031250 0.449218750 0.433593750 0.402343750 0.511718750 0.527343750 0.476562500 0.445312500 0.542968750 0.492187500 0.472656250 0.597656250 0.605468750 0.605468750 0.621093750 0.777343750 
4.226562500 7.902343750 11.832031250 2.730468750 5.027343750 2.882812500 1.132812500 1.710937500 6.265625000 10.585937500 5.929687500 5.457031250 2.214843750 2.878906250 3.339843750 7.183593750 3.152343750 2.527343750 1.406250000 2.750000000 2.660156250 2.484375000 0.769531250 0.644531250 0.625000000 0.441406250 0.492187500 0.511718750 0.441406250 0.394531250 0.503906250 0.480468750 0.394531250 0.402343750 0.414062500 0.468750000 0.464843750 0.710937500 0.582031250 0.546875000 0.652343750 0.609375000 
3.378906250 7.382812500 12.320312500 3.054687500 4.195312500 3.425781250 2.097656250 2.089843750 6.554687500 12.914062500 6.425781250 3.281250000 0.789062500 1.664062500 3.953125000 6.375000000 4.363281250 2.558593750 1.707031250 3.347656250 3.156250000 2.148437500 0.378906250 0.425781250 0.308593750 0.164062500 0.203125000 0.199218750 0.218750000 0.195312500 0.132812500 0.207031250 0.160156250 0.187500000 0.218750000 0.230468750 0.332031250 0.417968750 0.359375000 0.328125000 0.429687500 0.437500000 
2.375000000 6.714843750 12.945312500 3.496093750 5.375000000 2.964843750 1.515625000 2.992187500 7.867187500 10.867187500 3.984375000 3.964843750 1.210937500 1.421875000 3.023437500 5.218750000 4.335937500 4.316406250 2.546875000 4.562500000 2.378906250 1.199218750 0.441406250 0.546875000 0.570312500 0.605468750 0.558593750 0.480468750 0.656250000 0.621093750 0.500000000 0.503906250 0.570312500 0.589843750 0.578125000 0.683593750 0.687500000 0.628906250 0.566406250 0.656250000 0.687500000 0.734375000 
1.839843750 6.406250000 13.152343750 4.714843750 5.800781250 2.480468750 1.742187500 2.539062500 6.199218750 9.363281250 4.617187500 3.046875000 1.167968750 1.710937500 2.269531250 4.355468750 4.125000000 3.644531250 1.476562500 4.253906250 2.250000000 1.222656250 0.800781250 0.777343750 0.750000000 0.769531250 0.824218750 0.785156250 0.679687500 0.718750000 0.671875000 0.730468750 0.750000000 0.750000000 0.703125000 0.753906250 0.789062500 0.644531250 0.703125000 0.832031250 0.902343750 0.925781250 
2.667968750 6.902343750 12.777343750 3.242187500 4.000000000 5.328125000 3.660156250 2.226562500 5.871093750 9.421875000 3.527343750 1.703125000 0.683593750 0.937500000 2.292968750 3.605468750 3.949218750 3.296875000 1.660156250 4.453125000 2.578125000 1.410156250 0.906250000 0.824218750 0.812500000 0.820312500 0.738281250 0.734375000 0.695312500 0.683593750 0.691406250 0.613281250 0.542968750 0.636718750 0.722656250 0.625000000 0.750000000 0.769531250 0.796875000 0.800781250 0.796875000 0.777343750 
3.097656250 6.742187500 13.062500000 3.664062500 6.636718750 3.718750000 1.335937500 2.554687500 4.308593750 8.222656250 2.476562500 2.105468750 0.718750000 0.722656250 1.234375000 2.636718750 3.867187500 2.765625000 1.257812500 3.562500000 2.527343750 0.824218750 0.335937500 0.375000000 0.382812500 0.289062500 0.300781250 0.195312500 0.191406250 0.167968750 0.265625000 0.191406250 0.179687500 0.300781250 0.234375000 0.242187500 0.285156250 0.359375000 0.347656250 0.308593750 0.261718750 0.308593750 
4.062500000 7.640625000 11.917968750 2.316406250 4.992187500 4.187500000 1.398437500 2.382812500 2.765625000 6.464843750 2.019531250 2.660156250 1.031250000 0.878906250 1.292968750 1.992187500 2.761718750 2.957031250 1.019531250 2.687500000 2.253906250 0.667968750 0.441406250 0.394531250 0.347656250 0.230468750 0.320312500 0.304687500 0.226562500 0.257812500 0.316406250 0.285156250 0.308593750 0.335937500 0.257812500 0.222656250 0.191406250 0.285156250 0.343750000 0.347656250 0.289062500 0.339843750 
2.753906250 6.949218750 11.992187500 3.437500000 5.089843750 4.355468750 1.710937500 1.105468750 3.285156250 4.761718750 2.601562500 1.777343750 0.835937500 0.785156250 1.210937500 1.773437500 3.183593750 2.140625000 0.824218750 1.640625000 1.648437500 0.562500000 0.292968750 0.269531250 0.261718750 0.332031250 0.382812500 0.312500000 0.304687500 0.289062500 0.328125000 0.304687500 0.328125000 0.312500000 0.312500000 0.246093750 0.300781250 0.390625000 0.468750000 0.402343750 0.507812500 0.496093750 
2.312500000 6.835937500 11.039062500 2.671875000 2.707031250 2.898437500 2.738281250 2.707031250 3.812500000 2.503906250 1.585937500 0.902343750 0.738281250 0.558593750 0.929687500 1.425781250 1.636718750 1.828125000 1.058593750 1.875000000 1.125000000 0.804687500 0.660156250 0.589843750 0.597656250 0.480468750 0.585937500 0.582031250 0.531250000 0.531250000 0.472656250 0.546875000 0.460937500 0.515625000 0.519531250 0.628906250 0.546875000 0.593750000 0.679687500 0.707031250 0.625000000 0.750000000 
1.636718750 5.941406250 10.828125000 3.871093750 3.523437500 1.312500000 0.804687500 1.070312500 1.695312500 1.070312500 0.957031250 1.179687500 1.207031250 0.953125000 1.207031250 1.015625000 1.261718750 0.835937500 0.328125000 1.035156250 0.718750000 0.570312500 0.386718750 0.468750000 0.378906250 0.386718750 0.304687500 0.417968750 0.394531250 0.355468750 0.406250000 0.324218750 0.441406250 0.441406250 0.472656250 0.394531250 0.382812500 0.414062500 0.488281250 0.550781250 0.515625000 0.574218750 
2.476562500 6.031250000 9.238281250 2.984375000 3.070312500 1.371093750 1.355468750 0.925781250 0.988281250 1.066406250 0.535156250 0.433593750 0.289062500 0.414062500 0.679687500 0.792968750 1.015625000 0.687500000 0.242187500 0.417968750 0.523437500 0.355468750 0.246093750 0.230468750 0.167968750 0.242187500 0.214843750 0.226562500 0.175781250 0.250000000 0.210937500 0.171875000 0.195312500 0.257812500 0.183593750 0.261718750 0.328125000 0.253906250 0.308593750 0.328125000 0.359375000 0.378906250 
2.664062500 5.609375000 7.207031250 1.367187500 2.519531250 2.058593750 1.222656250 1.316406250 1.429687500 1.117187500 0.972656250 0.230468750 0.269531250 0.351562500 0.476562500 0.550781250 0.660156250 0.621093750 0.410156250 0.417968750 0.367187500 0.242187500 0.269531250 0.164062500 0.136718750 0.152343750 0.183593750 0.128906250 0.109375000 0.164062500 0.183593750 0.164062500 0.214843750 0.222656250 0.210937500 0.265625000 0.250000000 0.265625000 0.273437500 0.281250000 0.316406250 0.406250000 
1.656250000 3.976562500 5.664062500 1.804687500 2.957031250 1.335937500 1.160156250 1.207031250 1.441406250 1.105468750 1.003906250 0.472656250 0.382812500 0.292968750 0.441406250 0.546875000 0.593750000 0.632812500 0.445312500 0.644531250 0.308593750 0.214843750 0.343750000 0.167968750 0.164062500 0.226562500 0.199218750 0.230468750 0.148437500 0.175781250 0.183593750 0.179687500 0.214843750 0.207031250 0.183593750 0.285156250 0.273437500 0.277343750 0.281250000 0.253906250 0.335937500 0.375000000 
0.820312500 2.195312500 4.210937500 2.066406250 3.175781250 0.925781250 1.078125000 2.757812500 3.046875000 0.902343750 1.183593750 0.835937500 0.601562500 0.542968750 0.437500000 0.433593750 0.351562500 0.699218750 0.882812500 0.789062500 0.589843750 0.421875000 0.457031250 0.386718750 0.183593750 0.207031250 0.183593750 0.156250000 0.218750000 0.234375000 0.179687500 0.187500000 0.281250000 0.210937500 0.214843750 0.210937500 0.296875000 0.308593750 0.234375000 0.203125000 0.292968750 0.359375000 
0.453125000 0.902343750 2.917968750 2.046875000 3.671875000 1.070312500 1.839843750 2.453125000 4.984375000 1.957031250 1.792968750 1.406250000 1.046875000 0.683593750 0.625000000 1.007812500 0.714843750 0.730468750 1.132812500 1.261718750 1.671875000 1.121093750 0.808593750 0.667968750 0.585937500 0.539062500 0.449218750 0.378906250 0.519531250 0.414062500 0.449218750 0.449218750 0.585937500 0.492187500 0.480468750 0.503906250 0.546875000 0.636718750 0.527343750 0.593750000 0.671875000 0.691406250 
0.742187500 1.789062500 2.144531250 2.382812500 4.000000000 2.289062500 3.617187500 4.355468750 5.699218750 3.738281250 2.175781250 1.535156250 1.394531250 1.039062500 0.976562500 0.859375000 0.757812500 0.773437500 1.214843750 1.839843750 2.546875000 2.113281250 1.500000000 1.398437500 0.984375000 0.777343750 0.781250000 0.683593750 0.613281250 0.734375000 0.648437500 0.621093750 0.875000000 0.828125000 0.640625000 0.613281250 0.769531250 0.855468750 0.824218750 0.804687500 0.824218750 0.800781250 
0.621093750 2.125000000 2.636718750 3.820312500 3.863281250 3.703125000 2.828125000 5.222656250 6.207031250 4.304687500 1.316406250 1.007812500 1.042968750 0.386718750 0.328125000 0.554687500 0.601562500 0.515625000 1.078125000 1.828125000 2.945312500 2.046875000 1.128906250 1.167968750 0.367187500 0.152343750 0.171875000 0.214843750 0.246093750 0.265625000 0.195312500 0.300781250 0.460937500 0.457031250 0.285156250 0.281250000 0.257812500 0.441406250 0.308593750 0.277343750 0.433593750 0.343750000 
0.687500000 1.832031250 2.921875000 4.746093750 2.195312500 3.562500000 4.593750000 5.226562500 4.613281250 4.433593750 1.261718750 1.132812500 0.628906250 0.355468750 0.320312500 0.457031250 0.417968750 0.589843750 0.683593750 1.390625000 2.816406250 2.632812500 1.269531250 1.339843750 0.511718750 0.292968750 0.285156250 0.156250000 0.191406250 0.253906250 0.207031250 0.300781250 0.582031250 0.660156250 0.257812500 0.257812500 0.347656250 0.546875000 0.394531250 0.347656250 0.503906250 0.398437500 
0.906250000 0.937500000 1.945312500 4.683593750 2.546875000 4.363281250 2.835937500 4.941406250 3.972656250 3.371093750 1.804687500 1.378906250 0.687500000 0.304687500 0.476562500 0.589843750 0.453125000 0.269531250 0.500000000 0.960937500 2.625000000 2.671875000 1.410156250 1.320312500 0.625000000 0.222656250 0.160156250 0.191406250 0.191406250 0.289062500 0.195312500 0.292968750 0.570312500 0.679687500 0.238281250 0.312500000 0.449218750 0.601562500 0.398437500 0.332031250 0.531250000 0.417968750 
