0.261718750 0.265625000 0.738281250 0.480468750 0.847656250 0.808593750 0.507812500 0.167968750 0.285156250 0.531250000 0.222656250 0.300781250 0.347656250 0.328125000 0.253906250 0.277343750 0.285156250 0.417968750 0.324218750 0.218750000 0.218750000 0.207031250 0.191406250 0.253906250 0.175781250 0.175781250 0.234375000 0.242187500 0.593750000 0.441406250 0.199218750 0.246093750 0.367187500 0.332031250 0.246093750 0.261718750 0.242187500 0.316406250 0.273437500 0.519531250 0.996093750 2.277343750 
0.332031250 0.234375000 0.535156250 0.351562500 0.945312500 0.492187500 0.410156250 0.097656250 0.097656250 0.488281250 0.246093750 0.332031250 0.296875000 0.234375000 0.371093750 0.390625000 0.343750000 0.453125000 0.328125000 0.218750000 0.218750000 0.187500000 0.179687500 0.183593750 0.171875000 0.203125000 0.250000000 0.242187500 0.578125000 0.457031250 0.187500000 0.246093750 0.378906250 0.339843750 0.230468750 0.304687500 0.265625000 0.324218750 0.296875000 0.523437500 1.046875000 2.351562500 
0.363281250 0.441406250 0.507812500 0.707031250 0.957031250 0.679687500 0.296875000 0.167968750 0.210937500 0.527343750 0.308593750 0.332031250 0.382812500 0.292968750 0.343750000 0.363281250 0.367187500 0.324218750 0.269531250 0.253906250 0.214843750 0.214843750 0.175781250 0.191406250 0.121093750 0.191406250 0.242187500 0.246093750 0.578125000 0.500000000 0.203125000 0.253906250 0.398437500 0.371093750 0.269531250 0.304687500 0.285156250 0.289062500 0.296875000 0.527343750 1.093750000 2.378906250 
0.343750000 0.355468750 0.359375000 0.488281250 0.933593750 0.828125000 0.335937500 0.386718750 0.273437500 0.558593750 0.281250000 0.300781250 0.320312500 0.214843750 0.312500000 0.410156250 0.332031250 0.304687500 0.218750000 0.230468750 0.234375000 0.199218750 0.117187500 0.156250000 0.128906250 0.246093750 0.277343750 0.285156250 0.363281250 0.253906250 0.187500000 0.195312500 0.285156250 0.199218750 0.261718750 0.289062500 0.281250000 0.203125000 0.218750000 0.324218750 0.507812500 0.902343750 
0.312500000 0.292968750 0.746093750 0.722656250 0.960937500 0.492187500 0.160156250 0.238281250 0.289062500 0.542968750 0.347656250 0.472656250 0.378906250 0.324218750 0.316406250 0.250000000 0.230468750 0.246093750 0.238281250 0.214843750 0.171875000 0.230468750 0.167968750 0.195312500 0.167968750 0.191406250 0.246093750 0.207031250 0.273437500 0.281250000 0.203125000 0.214843750 0.273437500 0.210937500 0.265625000 0.218750000 0.312500000 0.218750000 0.281250000 0.320312500 0.441406250 0.652343750 
0.332031250 0.285156250 0.593750000 0.421875000 0.878906250 0.644531250 0.425781250 0.164062500 0.281250000 0.582031250 0.453125000 0.453125000 0.320312500 0.222656250 0.292968750 0.289062500 0.332031250 0.257812500 0.308593750 0.183593750 0.179687500 0.226562500 0.167968750 0.164062500 0.152343750 0.152343750 0.187500000 0.187500000 0.238281250 0.199218750 0.164062500 0.222656250 0.226562500 0.218750000 0.257812500 0.230468750 0.273437500 0.253906250 0.332031250 0.289062500 0.343750000 0.464843750 
0.273437500 0.250000000 0.550781250 0.300781250 0.660156250 0.531250000 0.367187500 0.355468750 0.320312500 0.695312500 0.363281250 0.355468750 0.316406250 0.214843750 0.261718750 0.183593750 0.285156250 0.160156250 0.273437500 0.179687500 0.117187500 0.175781250 0.226562500 0.230468750 0.128906250 0.167968750 0.199218750 0.183593750 0.179687500 0.140625000 0.144531250 0.187500000 0.199218750 0.250000000 0.234375000 0.199218750 0.296875000 0.218750000 0.339843750 0.281250000 0.308593750 0.332031250 
0.343750000 0.246093750 0.316406250 0.390625000 0.578125000 0.730468750 0.386718750 0.234375000 0.253906250 0.492187500 0.476562500 0.378906250 0.265625000 0.195312500 0.324218750 0.328125000 0.277343750 0.175781250 0.277343750 0.136718750 0.136718750 0.175781250 0.230468750 0.214843750 0.105468750 0.203125000 0.242187500 0.171875000 0.152343750 0.187500000 0.128906250 0.179687500 0.203125000 0.261718750 0.191406250 0.203125000 0.273437500 0.226562500 0.343750000 0.285156250 0.289062500 0.332031250 
0.187500000 0.179687500 0.335937500 0.488281250 1.000000000 0.519531250 0.265625000 0.246093750 0.316406250 0.335937500 0.382812500 0.359375000 0.238281250 0.304687500 0.351562500 0.250000000 0.238281250 0.210937500 0.265625000 0.167968750 0.167968750 0.132812500 0.234375000 0.269531250 0.160156250 0.132812500 0.191406250 0.218750000 0.207031250 0.167968750 0.132812500 0.167968750 0.195312500 0.226562500 0.230468750 0.214843750 0.281250000 0.210937500 0.296875000 0.246093750 0.304687500 0.304687500 
0.347656250 0.281250000 0.472656250 0.519531250 1.058593750 0.707031250 0.257812500 0.250000000 0.210937500 0.445312500 0.375000000 0.351562500 0.265625000 0.312500000 0.355468750 0.207031250 0.261718750 0.234375000 0.257812500 0.234375000 0.191406250 0.109375000 0.195312500 0.300781250 0.179687500 0.160156250 0.179687500 0.175781250 0.234375000 0.261718750 0.191406250 0.207031250 0.207031250 0.210937500 0.226562500 0.179687500 0.222656250 0.218750000 0.289062500 0.265625000 0.308593750 0.316406250 
0.257812500 0.316406250 0.496093750 0.242187500 1.011718750 0.726562500 0.203125000 0.367187500 0.265625000 0.500000000 0.351562500 0.281250000 0.234375000 0.257812500 0.312500000 0.273437500 0.273437500 0.312500000 0.269531250 0.261718750 0.167968750 0.144531250 0.191406250 0.269531250 0.179687500 0.160156250 0.203125000 0.195312500 0.234375000 0.300781250 0.253906250 0.234375000 0.207031250 0.222656250 0.246093750 0.218750000 0.207031250 0.265625000 0.277343750 0.234375000 0.289062500 0.289062500 
0.242187500 0.230468750 0.460937500 0.398437500 0.718750000 0.828125000 0.386718750 0.386718750 0.308593750 0.601562500 0.601562500 0.238281250 0.121093750 0.167968750 0.277343750 0.308593750 0.320312500 0.343750000 0.328125000 0.308593750 0.136718750 0.183593750 0.222656250 0.210937500 0.128906250 0.214843750 0.230468750 0.179687500 0.214843750 0.285156250 0.285156250 0.199218750 0.226562500 0.246093750 0.273437500 0.246093750 0.226562500 0.300781250 0.261718750 0.292968750 0.292968750 0.289062500 
0.039062500 0.117187500 0.402343750 0.429687500 0.789062500 0.382812500 0.207031250 0.277343750 0.277343750 0.566406250 0.429687500 0.226562500 0.156250000 0.179687500 0.234375000 0.269531250 0.378906250 0.296875000 0.324218750 0.250000000 0.140625000 0.140625000 0.132812500 0.203125000 0.199218750 0.203125000 0.253906250 0.160156250 0.187500000 0.222656250 0.199218750 0.167968750 0.218750000 0.230468750 0.195312500 0.187500000 0.160156250 0.273437500 0.226562500 0.226562500 0.207031250 0.300781250 
0.097656250 0.203125000 0.468750000 0.519531250 0.796875000 0.390625000 0.195312500 0.218750000 0.378906250 0.566406250 0.429687500 0.226562500 0.175781250 0.199218750 0.222656250 0.167968750 0.238281250 0.199218750 0.328125000 0.234375000 0.132812500 0.148437500 0.105468750 0.171875000 0.207031250 0.187500000 0.246093750 0.171875000 0.171875000 0.160156250 0.175781250 0.156250000 0.222656250 0.191406250 0.179687500 0.210937500 0.164062500 0.218750000 0.253906250 0.230468750 0.207031250 0.222656250 
0.105468750 0.160156250 0.441406250 0.210937500 0.710937500 0.570312500 0.292968750 0.175781250 0.226562500 0.632812500 0.589843750 0.398437500 0.175781250 0.242187500 0.246093750 0.183593750 0.238281250 0.285156250 0.210937500 0.277343750 0.199218750 0.105468750 0.128906250 0.210937500 0.191406250 0.132812500 0.171875000 0.144531250 0.195312500 0.156250000 0.183593750 0.187500000 0.195312500 0.171875000 0.167968750 0.191406250 0.160156250 0.195312500 0.246093750 0.214843750 0.222656250 0.261718750 
0.089843750 0.203125000 0.570312500 0.363281250 0.593750000 0.359375000 0.199218750 0.113281250 0.214843750 0.617187500 0.472656250 0.406250000 0.164062500 0.265625000 0.300781250 0.183593750 0.210937500 0.273437500 0.289062500 0.269531250 0.222656250 0.179687500 0.156250000 0.222656250 0.148437500 0.195312500 0.187500000 0.179687500 0.156250000 0.125000000 0.195312500 0.253906250 0.210937500 0.179687500 0.179687500 0.207031250 0.210937500 0.234375000 0.238281250 0.191406250 0.203125000 0.269531250 
0.132812500 0.175781250 0.312500000 0.292968750 0.441406250 0.484375000 0.218750000 0.089843750 0.199218750 0.675781250 0.457031250 0.433593750 0.199218750 0.261718750 0.363281250 0.183593750 0.261718750 0.371093750 0.265625000 0.246093750 0.175781250 0.140625000 0.187500000 0.214843750 0.175781250 0.152343750 0.167968750 0.187500000 0.160156250 0.152343750 0.214843750 0.214843750 0.179687500 0.140625000 0.195312500 0.167968750 0.199218750 0.246093750 0.222656250 0.238281250 0.222656250 0.281250000 
0.148437500 0.214843750 0.269531250 0.464843750 0.734375000 0.519531250 0.246093750 0.214843750 0.226562500 0.523437500 0.441406250 0.468750000 0.238281250 0.148437500 0.339843750 0.207031250 0.281250000 0.234375000 0.261718750 0.218750000 0.179687500 0.269531250 0.179687500 0.156250000 0.160156250 0.152343750 0.246093750 0.210937500 0.171875000 0.191406250 0.171875000 0.207031250 0.179687500 0.203125000 0.199218750 0.226562500 0.222656250 0.222656250 0.230468750 0.222656250 0.187500000 0.332031250 
0.253906250 0.253906250 0.230468750 0.273437500 0.945312500 0.375000000 0.148437500 0.250000000 0.289062500 0.527343750 0.386718750 0.546875000 0.253906250 0.074218750 0.218750000 0.214843750 0.335937500 0.226562500 0.214843750 0.250000000 0.246093750 0.292968750 0.183593750 0.164062500 0.171875000 0.125000000 0.238281250 0.246093750 0.250000000 0.250000000 0.214843750 0.175781250 0.234375000 0.242187500 0.214843750 0.222656250 0.195312500 0.218750000 0.242187500 0.222656250 0.250000000 0.292968750 
0.179687500 0.261718750 0.191406250 0.187500000 0.878906250 0.437500000 0.191406250 0.230468750 0.214843750 0.441406250 0.343750000 0.546875000 0.363281250 0.136718750 0.308593750 0.253906250 0.347656250 0.175781250 0.183593750 0.257812500 0.230468750 0.273437500 0.109375000 0.144531250 0.164062500 0.160156250 0.218750000 0.246093750 0.269531250 0.246093750 0.207031250 0.171875000 0.203125000 0.214843750 0.210937500 0.222656250 0.214843750 0.214843750 0.250000000 0.210937500 0.261718750 0.308593750 
0.421875000 0.285156250 0.359375000 0.554687500 0.632812500 0.597656250 0.242187500 0.140625000 0.304687500 0.496093750 0.375000000 0.406250000 0.359375000 0.218750000 0.281250000 0.214843750 0.312500000 0.207031250 0.222656250 0.210937500 0.253906250 0.191406250 0.160156250 0.238281250 0.226562500 0.164062500 0.152343750 0.222656250 0.261718750 0.218750000 0.207031250 0.214843750 0.207031250 0.171875000 0.195312500 0.261718750 0.207031250 0.234375000 0.265625000 0.226562500 0.308593750 0.292968750 
0.214843750 0.250000000 0.390625000 0.335937500 0.613281250 0.597656250 0.250000000 0.218750000 0.324218750 0.535156250 0.437500000 0.226562500 0.257812500 0.242187500 0.308593750 0.199218750 0.335937500 0.261718750 0.347656250 0.191406250 0.226562500 0.171875000 0.121093750 0.222656250 0.214843750 0.203125000 0.175781250 0.187500000 0.183593750 0.195312500 0.199218750 0.199218750 0.183593750 0.144531250 0.179687500 0.234375000 0.238281250 0.253906250 0.273437500 0.265625000 0.300781250 0.277343750 
0.339843750 0.195312500 0.496093750 0.421875000 0.878906250 0.601562500 0.261718750 0.164062500 0.386718750 0.644531250 0.425781250 0.152343750 0.250000000 0.191406250 0.253906250 0.203125000 0.214843750 0.238281250 0.324218750 0.207031250 0.191406250 0.136718750 0.144531250 0.257812500 0.164062500 0.242187500 0.203125000 0.207031250 0.175781250 0.183593750 0.207031250 0.207031250 0.164062500 0.171875000 0.191406250 0.281250000 0.261718750 0.257812500 0.261718750 0.234375000 0.269531250 0.222656250 
0.148437500 0.246093750 0.375000000 0.390625000 0.921875000 0.515625000 0.222656250 0.164062500 0.320312500 0.648437500 0.312500000 0.300781250 0.257812500 0.246093750 0.339843750 0.238281250 0.234375000 0.183593750 0.332031250 0.207031250 0.113281250 0.046875000 0.117187500 0.187500000 0.226562500 0.261718750 0.242187500 0.207031250 0.164062500 0.203125000 0.175781250 0.175781250 0.164062500 0.199218750 0.203125000 0.261718750 0.234375000 0.238281250 0.214843750 0.238281250 0.199218750 0.171875000 
0.078125000 0.281250000 0.382812500 0.296875000 0.730468750 0.640625000 0.179687500 0.218750000 0.250000000 0.507812500 0.230468750 0.308593750 0.296875000 0.289062500 0.238281250 0.203125000 0.242187500 0.222656250 0.292968750 0.207031250 0.132812500 0.109375000 0.179687500 0.277343750 0.238281250 0.226562500 0.265625000 0.226562500 0.199218750 0.199218750 0.234375000 0.183593750 0.156250000 0.230468750 0.277343750 0.253906250 0.207031250 0.226562500 0.210937500 0.207031250 0.210937500 0.164062500 
0.289062500 0.347656250 0.300781250 0.472656250 0.507812500 0.312500000 0.289062500 0.257812500 0.234375000 0.515625000 0.324218750 0.335937500 0.281250000 0.273437500 0.296875000 0.207031250 0.261718750 0.195312500 0.230468750 0.175781250 0.187500000 0.128906250 0.113281250 0.238281250 0.246093750 0.238281250 0.167968750 0.199218750 0.171875000 0.160156250 0.238281250 0.222656250 0.195312500 0.187500000 0.246093750 0.246093750 0.234375000 0.214843750 0.191406250 0.214843750 0.230468750 0.191406250 
0.257812500 0.214843750 0.378906250 0.253906250 0.703125000 0.496093750 0.136718750 0.175781250 0.214843750 0.617187500 0.222656250 0.343750000 0.277343750 0.316406250 0.261718750 0.121093750 0.257812500 0.175781250 0.187500000 0.207031250 0.199218750 0.171875000 0.160156250 0.289062500 0.257812500 0.199218750 0.191406250 0.238281250 0.132812500 0.132812500 0.238281250 0.226562500 0.167968750 0.238281250 0.285156250 0.246093750 0.218750000 0.226562500 0.226562500 0.218750000 0.230468750 0.207031250 
0.175781250 0.175781250 0.171875000 0.359375000 0.812500000 0.394531250 0.132812500 0.187500000 0.199218750 0.617187500 0.304687500 0.355468750 0.183593750 0.187500000 0.257812500 0.125000000 0.191406250 0.175781250 0.207031250 0.191406250 0.164062500 0.191406250 0.187500000 0.273437500 0.218750000 0.191406250 0.195312500 0.210937500 0.132812500 0.210937500 0.207031250 0.222656250 0.230468750 0.242187500 0.261718750 0.257812500 0.285156250 0.218750000 0.210937500 0.234375000 0.281250000 0.203125000 
0.261718750 0.117187500 0.371093750 0.351562500 0.843750000 0.691406250 0.335937500 0.160156250 0.230468750 0.718750000 0.292968750 0.324218750 0.320312500 0.250000000 0.308593750 0.125000000 0.121093750 0.207031250 0.226562500 0.203125000 0.164062500 0.144531250 0.171875000 0.226562500 0.226562500 0.144531250 0.226562500 0.226562500 0.191406250 0.250000000 0.269531250 0.214843750 0.222656250 0.246093750 0.257812500 0.207031250 0.214843750 0.207031250 0.273437500 0.253906250 0.320312500 0.250000000 
0.125000000 0.082031250 0.183593750 0.304687500 0.812500000 0.671875000 0.449218750 0.328125000 0.210937500 0.632812500 0.343750000 0.238281250 0.332031250 0.261718750 0.296875000 0.164062500 0.140625000 0.183593750 0.222656250 0.312500000 0.207031250 0.160156250 0.214843750 0.125000000 0.230468750 0.160156250 0.222656250 0.160156250 0.183593750 0.207031250 0.218750000 0.183593750 0.277343750 0.222656250 0.148437500 0.199218750 0.218750000 0.226562500 0.246093750 0.234375000 0.332031250 0.285156250 
0.089843750 0.191406250 0.304687500 0.625000000 0.789062500 0.472656250 0.347656250 0.214843750 0.390625000 0.621093750 0.429687500 0.296875000 0.347656250 0.214843750 0.312500000 0.214843750 0.187500000 0.171875000 0.199218750 0.296875000 0.230468750 0.187500000 0.210937500 0.132812500 0.207031250 0.171875000 0.242187500 0.191406250 0.187500000 0.191406250 0.257812500 0.238281250 0.261718750 0.246093750 0.167968750 0.218750000 0.253906250 0.269531250 0.261718750 0.222656250 0.296875000 0.308593750 
0.160156250 0.242187500 0.351562500 0.468750000 0.652343750 0.566406250 0.285156250 0.195312500 0.367187500 0.628906250 0.335937500 0.421875000 0.171875000 0.214843750 0.289062500 0.273437500 0.210937500 0.214843750 0.222656250 0.308593750 0.171875000 0.214843750 0.203125000 0.148437500 0.199218750 0.101562500 0.187500000 0.214843750 0.140625000 0.183593750 0.175781250 0.226562500 0.269531250 0.234375000 0.203125000 0.210937500 0.277343750 0.257812500 0.234375000 0.207031250 0.230468750 0.289062500 
0.300781250 0.265625000 0.457031250 0.476562500 0.585937500 0.371093750 0.281250000 0.195312500 0.261718750 0.636718750 0.460937500 0.355468750 0.324218750 0.273437500 0.207031250 0.234375000 0.218750000 0.238281250 0.250000000 0.253906250 0.167968750 0.167968750 0.253906250 0.207031250 0.136718750 0.093750000 0.148437500 0.183593750 0.136718750 0.183593750 0.210937500 0.199218750 0.222656250 0.253906250 0.214843750 0.171875000 0.265625000 0.230468750 0.234375000 0.246093750 0.203125000 0.246093750 
0.152343750 0.199218750 0.335937500 0.410156250 0.445312500 0.464843750 0.367187500 0.265625000 0.308593750 0.449218750 0.437500000 0.480468750 0.312500000 0.234375000 0.210937500 0.203125000 0.207031250 0.218750000 0.261718750 0.281250000 0.195312500 0.140625000 0.238281250 0.281250000 0.156250000 0.121093750 0.179687500 0.195312500 0.132812500 0.160156250 0.183593750 0.171875000 0.195312500 0.246093750 0.175781250 0.171875000 0.257812500 0.234375000 0.214843750 0.226562500 0.183593750 0.261718750 
0.410156250 0.277343750 0.335937500 0.464843750 0.308593750 0.214843750 0.269531250 0.222656250 0.386718750 0.449218750 0.464843750 0.355468750 0.292968750 0.312500000 0.265625000 0.203125000 0.179687500 0.261718750 0.210937500 0.242187500 0.191406250 0.113281250 0.214843750 0.285156250 0.136718750 0.179687500 0.167968750 0.140625000 0.140625000 0.132812500 0.160156250 0.242187500 0.183593750 0.218750000 0.183593750 0.183593750 0.195312500 0.218750000 0.167968750 0.292968750 0.203125000 0.257812500 
0.281250000 0.246093750 0.296875000 0.480468750 0.421875000 0.386718750 0.285156250 0.332031250 0.296875000 0.382812500 0.351562500 0.343750000 0.363281250 0.300781250 0.269531250 0.199218750 0.203125000 0.203125000 0.222656250 0.203125000 0.148437500 0.164062500 0.121093750 0.199218750 0.214843750 0.238281250 0.179687500 0.156250000 0.218750000 0.191406250 0.152343750 0.214843750 0.167968750 0.203125000 0.164062500 0.207031250 0.203125000 0.269531250 0.226562500 0.281250000 0.304687500 0.281250000 
0.429687500 0.191406250 0.339843750 0.250000000 0.617187500 0.789062500 0.285156250 0.195312500 0.324218750 0.546875000 0.343750000 0.253906250 0.453125000 0.359375000 0.320312500 0.269531250 0.234375000 0.210937500 0.222656250 0.207031250 0.222656250 0.187500000 0.113281250 0.191406250 0.238281250 0.230468750 0.238281250 0.167968750 0.222656250 0.234375000 0.246093750 0.261718750 0.250000000 0.210937500 0.195312500 0.285156250 0.257812500 0.250000000 0.304687500 0.304687500 0.265625000 0.296875000 
0.242187500 0.199218750 0.332031250 0.136718750 0.847656250 0.812500000 0.207031250 0.214843750 0.246093750 0.613281250 0.304687500 0.117187500 0.316406250 0.371093750 0.328125000 0.234375000 0.210937500 0.218750000 0.214843750 0.191406250 0.164062500 0.218750000 0.164062500 0.132812500 0.246093750 0.230468750 0.207031250 0.187500000 0.230468750 0.257812500 0.210937500 0.203125000 0.226562500 0.230468750 0.164062500 0.265625000 0.253906250 0.246093750 0.261718750 0.234375000 0.285156250 0.273437500 
0.269531250 0.230468750 0.398437500 0.472656250 0.976562500 0.945312500 0.375000000 0.300781250 0.390625000 0.609375000 0.414062500 0.289062500 0.324218750 0.347656250 0.308593750 0.257812500 0.187500000 0.203125000 0.203125000 0.207031250 0.175781250 0.210937500 0.210937500 0.156250000 0.175781250 0.214843750 0.257812500 0.207031250 0.195312500 0.234375000 0.191406250 0.179687500 0.246093750 0.191406250 0.156250000 0.250000000 0.242187500 0.195312500 0.230468750 0.230468750 0.296875000 0.289062500 
0.230468750 0.265625000 0.515625000 0.519531250 0.898437500 0.906250000 0.394531250 0.222656250 0.277343750 0.769531250 0.437500000 0.355468750 0.218750000 0.210937500 0.328125000 0.281250000 0.183593750 0.234375000 0.234375000 0.226562500 0.199218750 0.214843750 0.144531250 0.183593750 0.152343750 0.203125000 0.265625000 0.230468750 0.171875000 0.199218750 0.148437500 0.175781250 0.257812500 0.160156250 0.164062500 0.226562500 0.261718750 0.214843750 0.164062500 0.230468750 0.296875000 0.269531250 
0.269531250 0.304687500 0.621093750 0.343750000 0.980468750 0.792968750 0.312500000 0.175781250 0.203125000 0.496093750 0.425781250 0.390625000 0.207031250 0.328125000 0.363281250 0.257812500 0.210937500 0.222656250 0.203125000 0.242187500 0.187500000 0.210937500 0.195312500 0.191406250 0.121093750 0.203125000 0.250000000 0.203125000 0.140625000 0.125000000 0.238281250 0.199218750 0.207031250 0.160156250 0.171875000 0.269531250 0.289062500 0.257812500 0.199218750 0.222656250 0.320312500 0.285156250 
0.191406250 0.265625000 0.480468750 0.296875000 1.046875000 0.710937500 0.265625000 0.191406250 0.207031250 0.695312500 0.402343750 0.347656250 0.195312500 0.304687500 0.433593750 0.207031250 0.195312500 0.242187500 0.207031250 0.199218750 0.183593750 0.152343750 0.160156250 0.207031250 0.179687500 0.222656250 0.214843750 0.191406250 0.160156250 0.148437500 0.238281250 0.203125000 0.199218750 0.148437500 0.191406250 0.292968750 0.289062500 0.316406250 0.226562500 0.226562500 0.292968750 0.250000000 
0.234375000 0.312500000 0.433593750 0.312500000 0.707031250 0.843750000 0.222656250 0.253906250 0.250000000 0.699218750 0.316406250 0.300781250 0.214843750 0.324218750 0.402343750 0.191406250 0.175781250 0.140625000 0.191406250 0.175781250 0.148437500 0.191406250 0.152343750 0.218750000 0.191406250 0.222656250 0.207031250 0.175781250 0.152343750 0.187500000 0.214843750 0.195312500 0.179687500 0.164062500 0.179687500 0.257812500 0.234375000 0.304687500 0.238281250 0.199218750 0.226562500 0.269531250 
0.281250000 0.261718750 0.355468750 0.332031250 0.570312500 0.371093750 0.234375000 0.269531250 0.406250000 0.703125000 0.476562500 0.203125000 0.207031250 0.203125000 0.332031250 0.179687500 0.222656250 0.273437500 0.265625000 0.152343750 0.113281250 0.152343750 0.140625000 0.253906250 0.230468750 0.191406250 0.203125000 0.199218750 0.183593750 0.199218750 0.199218750 0.175781250 0.191406250 0.179687500 0.203125000 0.226562500 0.210937500 0.292968750 0.242187500 0.191406250 0.281250000 0.273437500 
0.316406250 0.210937500 0.289062500 0.273437500 0.558593750 0.597656250 0.304687500 0.187500000 0.417968750 0.601562500 0.402343750 0.320312500 0.359375000 0.269531250 0.269531250 0.218750000 0.203125000 0.234375000 0.195312500 0.148437500 0.175781250 0.195312500 0.125000000 0.265625000 0.230468750 0.183593750 0.222656250 0.246093750 0.156250000 0.218750000 0.210937500 0.175781250 0.203125000 0.218750000 0.210937500 0.144531250 0.207031250 0.218750000 0.269531250 0.257812500 0.234375000 0.296875000 
0.296875000 0.316406250 0.394531250 0.445312500 0.539062500 0.386718750 0.167968750 0.363281250 0.511718750 0.449218750 0.222656250 0.320312500 0.359375000 0.265625000 0.253906250 0.265625000 0.218750000 0.230468750 0.210937500 0.183593750 0.148437500 0.175781250 0.179687500 0.246093750 0.242187500 0.179687500 0.175781250 0.246093750 0.140625000 0.171875000 0.175781250 0.132812500 0.183593750 0.152343750 0.214843750 0.210937500 0.226562500 0.210937500 0.269531250 0.242187500 0.265625000 0.277343750 
0.074218750 0.246093750 0.390625000 0.363281250 0.660156250 0.402343750 0.296875000 0.265625000 0.292968750 0.511718750 0.238281250 0.414062500 0.281250000 0.246093750 0.367187500 0.253906250 0.160156250 0.160156250 0.222656250 0.187500000 0.199218750 0.207031250 0.207031250 0.257812500 0.195312500 0.171875000 0.179687500 0.218750000 0.179687500 0.210937500 0.179687500 0.164062500 0.175781250 0.167968750 0.199218750 0.218750000 0.277343750 0.195312500 0.292968750 0.238281250 0.214843750 0.242187500 
0.226562500 0.199218750 0.230468750 0.406250000 0.593750000 0.316406250 0.371093750 0.363281250 0.417968750 0.527343750 0.292968750 0.421875000 0.312500000 0.207031250 0.296875000 0.261718750 0.292968750 0.203125000 0.179687500 0.253906250 0.214843750 0.187500000 0.238281250 0.226562500 0.246093750 0.250000000 0.218750000 0.253906250 0.167968750 0.179687500 0.117187500 0.148437500 0.183593750 0.242187500 0.238281250 0.222656250 0.265625000 0.238281250 0.292968750 0.246093750 0.214843750 0.230468750 
0.066406250 0.175781250 0.335937500 0.300781250 0.554687500 0.449218750 0.402343750 0.296875000 0.351562500 0.496093750 0.375000000 0.375000000 0.136718750 0.238281250 0.304687500 0.199218750 0.238281250 0.238281250 0.359375000 0.281250000 0.175781250 0.164062500 0.156250000 0.179687500 0.234375000 0.218750000 0.175781250 0.199218750 0.238281250 0.175781250 0.171875000 0.183593750 0.164062500 0.226562500 0.234375000 0.214843750 0.261718750 0.195312500 0.242187500 0.230468750 0.246093750 0.207031250 
0.132812500 0.140625000 0.277343750 0.355468750 0.769531250 0.679687500 0.414062500 0.414062500 0.261718750 0.347656250 0.300781250 0.273437500 0.109375000 0.164062500 0.230468750 0.242187500 0.312500000 0.308593750 0.292968750 0.285156250 0.222656250 0.125000000 0.195312500 0.246093750 0.234375000 0.222656250 0.218750000 0.230468750 0.226562500 0.121093750 0.175781250 0.175781250 0.156250000 0.238281250 0.218750000 0.203125000 0.222656250 0.148437500 0.195312500 0.242187500 0.226562500 0.265625000 
0.273437500 0.128906250 0.164062500 0.378906250 1.035156250 0.582031250 0.265625000 0.277343750 0.250000000 0.316406250 0.218750000 0.160156250 0.253906250 0.207031250 0.316406250 0.230468750 0.218750000 0.300781250 0.269531250 0.261718750 0.238281250 0.210937500 0.222656250 0.210937500 0.191406250 0.156250000 0.203125000 0.230468750 0.222656250 0.183593750 0.203125000 0.203125000 0.167968750 0.171875000 0.210937500 0.195312500 0.191406250 0.132812500 0.152343750 0.195312500 0.277343750 0.222656250 
0.437500000 0.175781250 0.242187500 0.371093750 0.964843750 0.652343750 0.296875000 0.269531250 0.296875000 0.328125000 0.285156250 0.105468750 0.199218750 0.273437500 0.300781250 0.257812500 0.285156250 0.320312500 0.167968750 0.125000000 0.246093750 0.242187500 0.179687500 0.199218750 0.250000000 0.179687500 0.187500000 0.269531250 0.199218750 0.179687500 0.199218750 0.304687500 0.175781250 0.218750000 0.214843750 0.183593750 0.269531250 0.164062500 0.156250000 0.199218750 0.238281250 0.218750000 
0.179687500 0.203125000 0.281250000 0.304687500 0.683593750 0.804687500 0.332031250 0.296875000 0.476562500 0.523437500 0.394531250 0.390625000 0.371093750 0.238281250 0.378906250 0.289062500 0.265625000 0.156250000 0.117187500 0.167968750 0.199218750 0.250000000 0.167968750 0.191406250 0.300781250 0.187500000 0.183593750 0.226562500 0.253906250 0.234375000 0.191406250 0.222656250 0.156250000 0.207031250 0.214843750 0.187500000 0.246093750 0.183593750 0.199218750 0.199218750 0.226562500 0.230468750 
0.550781250 0.359375000 0.175781250 0.449218750 0.644531250 0.417968750 0.257812500 0.218750000 0.453125000 0.484375000 0.320312500 0.367187500 0.351562500 0.257812500 0.351562500 0.265625000 0.230468750 0.140625000 0.164062500 0.128906250 0.156250000 0.125000000 0.125000000 0.210937500 0.210937500 0.164062500 0.265625000 0.234375000 0.179687500 0.160156250 0.148437500 0.199218750 0.175781250 0.210937500 0.238281250 0.214843750 0.230468750 0.187500000 0.199218750 0.257812500 0.238281250 0.273437500 
0.238281250 0.097656250 0.222656250 0.300781250 0.722656250 0.398437500 0.136718750 0.175781250 0.371093750 0.617187500 0.277343750 0.320312500 0.390625000 0.265625000 0.273437500 0.218750000 0.234375000 0.238281250 0.214843750 0.210937500 0.167968750 0.175781250 0.167968750 0.226562500 0.210937500 0.156250000 0.304687500 0.230468750 0.175781250 0.175781250 0.156250000 0.285156250 0.312500000 0.199218750 0.195312500 0.265625000 0.199218750 0.218750000 0.238281250 0.316406250 0.250000000 0.300781250 
0.312500000 0.101562500 0.324218750 0.273437500 0.554687500 0.515625000 0.277343750 0.257812500 0.378906250 0.656250000 0.453125000 0.308593750 0.472656250 0.300781250 0.289062500 0.203125000 0.222656250 0.187500000 0.210937500 0.304687500 0.187500000 0.183593750 0.167968750 0.238281250 0.257812500 0.183593750 0.253906250 0.203125000 0.117187500 0.121093750 0.148437500 0.234375000 0.238281250 0.214843750 0.238281250 0.300781250 0.210937500 0.210937500 0.222656250 0.281250000 0.292968750 0.324218750 
0.167968750 0.156250000 0.351562500 0.160156250 0.347656250 0.214843750 0.226562500 0.269531250 0.230468750 0.808593750 0.574218750 0.214843750 0.437500000 0.355468750 0.300781250 0.273437500 0.238281250 0.285156250 0.199218750 0.250000000 0.214843750 0.183593750 0.164062500 0.277343750 0.250000000 0.226562500 0.273437500 0.171875000 0.148437500 0.128906250 0.160156250 0.214843750 0.214843750 0.238281250 0.273437500 0.261718750 0.218750000 0.226562500 0.230468750 0.292968750 0.363281250 0.339843750 
0.097656250 0.308593750 0.316406250 0.121093750 0.257812500 0.312500000 0.347656250 0.406250000 0.371093750 0.773437500 0.621093750 0.285156250 0.457031250 0.277343750 0.238281250 0.343750000 0.265625000 0.269531250 0.179687500 0.210937500 0.156250000 0.218750000 0.171875000 0.265625000 0.191406250 0.250000000 0.257812500 0.191406250 0.167968750 0.121093750 0.187500000 0.183593750 0.218750000 0.269531250 0.265625000 0.199218750 0.179687500 0.246093750 0.257812500 0.222656250 0.390625000 0.375000000 
0.320312500 0.285156250 0.164062500 0.175781250 0.535156250 0.601562500 0.351562500 0.398437500 0.367187500 0.703125000 0.460937500 0.410156250 0.351562500 0.218750000 0.289062500 0.273437500 0.273437500 0.367187500 0.234375000 0.195312500 0.207031250 0.152343750 0.199218750 0.289062500 0.238281250 0.257812500 0.207031250 0.226562500 0.214843750 0.125000000 0.152343750 0.156250000 0.160156250 0.218750000 0.257812500 0.144531250 0.156250000 0.226562500 0.242187500 0.222656250 0.367187500 0.347656250 
0.214843750 0.250000000 0.281250000 0.449218750 0.679687500 0.609375000 0.378906250 0.207031250 0.402343750 0.648437500 0.359375000 0.445312500 0.265625000 0.171875000 0.242187500 0.097656250 0.238281250 0.324218750 0.199218750 0.203125000 0.179687500 0.136718750 0.187500000 0.320312500 0.242187500 0.191406250 0.222656250 0.210937500 0.191406250 0.136718750 0.222656250 0.140625000 0.156250000 0.179687500 0.214843750 0.175781250 0.214843750 0.222656250 0.210937500 0.152343750 0.203125000 0.253906250 
0.195312500 0.175781250 0.210937500 0.421875000 0.730468750 0.496093750 0.144531250 0.257812500 0.437500000 0.433593750 0.250000000 0.375000000 0.382812500 0.296875000 0.292968750 0.273437500 0.277343750 0.289062500 0.273437500 0.207031250 0.136718750 0.171875000 0.136718750 0.300781250 0.367187500 0.242187500 0.191406250 0.203125000 0.175781250 0.156250000 0.210937500 0.175781250 0.156250000 0.191406250 0.238281250 0.222656250 0.210937500 0.253906250 0.246093750 0.187500000 0.171875000 0.265625000 
0.210937500 0.222656250 0.199218750 0.503906250 0.554687500 0.351562500 0.195312500 0.246093750 0.468750000 0.593750000 0.417968750 0.335937500 0.191406250 0.171875000 0.273437500 0.171875000 0.109375000 0.234375000 0.339843750 0.242187500 0.148437500 0.136718750 0.156250000 0.230468750 0.203125000 0.226562500 0.242187500 0.226562500 0.156250000 0.144531250 0.207031250 0.207031250 0.167968750 0.152343750 0.199218750 0.218750000 0.226562500 0.226562500 0.207031250 0.175781250 0.230468750 0.265625000 
0.167968750 0.261718750 0.242187500 0.253906250 0.617187500 0.601562500 0.234375000 0.253906250 0.375000000 0.621093750 0.382812500 0.195312500 0.335937500 0.320312500 0.285156250 0.210937500 0.125000000 0.238281250 0.285156250 0.203125000 0.113281250 0.203125000 0.222656250 0.289062500 0.187500000 0.191406250 0.199218750 0.238281250 0.195312500 0.187500000 0.160156250 0.238281250 0.171875000 0.167968750 0.175781250 0.222656250 0.183593750 0.203125000 0.214843750 0.167968750 0.234375000 0.261718750 
0.199218750 0.328125000 0.382812500 0.253906250 0.781250000 0.445312500 0.250000000 0.265625000 0.281250000 0.562500000 0.375000000 0.226562500 0.285156250 0.289062500 0.269531250 0.199218750 0.128906250 0.195312500 0.273437500 0.195312500 0.128906250 0.203125000 0.218750000 0.226562500 0.156250000 0.199218750 0.226562500 0.171875000 0.203125000 0.222656250 0.171875000 0.218750000 0.136718750 0.144531250 0.226562500 0.210937500 0.207031250 0.210937500 0.238281250 0.179687500 0.234375000 0.261718750 
0.179687500 0.289062500 0.234375000 0.417968750 0.851562500 0.738281250 0.312500000 0.210937500 0.343750000 0.687500000 0.386718750 0.238281250 0.277343750 0.312500000 0.312500000 0.218750000 0.113281250 0.179687500 0.324218750 0.191406250 0.148437500 0.207031250 0.230468750 0.238281250 0.183593750 0.183593750 0.207031250 0.203125000 0.203125000 0.171875000 0.113281250 0.250000000 0.144531250 0.183593750 0.214843750 0.183593750 0.191406250 0.261718750 0.273437500 0.218750000 0.179687500 0.246093750 
0.062500000 0.304687500 0.421875000 0.351562500 0.785156250 0.570312500 0.523437500 0.269531250 0.367187500 0.675781250 0.382812500 0.210937500 0.160156250 0.136718750 0.242187500 0.210937500 0.125000000 0.152343750 0.250000000 0.242187500 0.183593750 0.242187500 0.234375000 0.242187500 0.160156250 0.187500000 0.187500000 0.179687500 0.164062500 0.214843750 0.132812500 0.238281250 0.167968750 0.179687500 0.203125000 0.187500000 0.238281250 0.257812500 0.257812500 0.238281250 0.210937500 0.265625000 
0.242187500 0.253906250 0.359375000 0.535156250 0.796875000 0.464843750 0.464843750 0.406250000 0.371093750 0.707031250 0.304687500 0.246093750 0.203125000 0.175781250 0.242187500 0.203125000 0.273437500 0.144531250 0.156250000 0.195312500 0.179687500 0.238281250 0.207031250 0.179687500 0.187500000 0.183593750 0.210937500 0.195312500 0.207031250 0.152343750 0.132812500 0.226562500 0.164062500 0.171875000 0.191406250 0.160156250 0.234375000 0.253906250 0.210937500 0.261718750 0.312500000 0.281250000 
0.218750000 0.289062500 0.476562500 0.378906250 0.714843750 0.527343750 0.328125000 0.347656250 0.355468750 0.656250000 0.261718750 0.289062500 0.277343750 0.214843750 0.210937500 0.148437500 0.210937500 0.234375000 0.195312500 0.242187500 0.222656250 0.257812500 0.156250000 0.230468750 0.234375000 0.148437500 0.175781250 0.175781250 0.218750000 0.144531250 0.148437500 0.222656250 0.210937500 0.191406250 0.222656250 0.214843750 0.226562500 0.214843750 0.214843750 0.273437500 0.351562500 0.277343750 
0.210937500 0.230468750 0.500000000 0.402343750 0.660156250 0.542968750 0.457031250 0.515625000 0.531250000 0.578125000 0.257812500 0.210937500 0.257812500 0.128906250 0.242187500 0.167968750 0.246093750 0.222656250 0.164062500 0.210937500 0.175781250 0.214843750 0.171875000 0.281250000 0.210937500 0.175781250 0.183593750 0.160156250 0.214843750 0.128906250 0.101562500 0.195312500 0.210937500 0.183593750 0.210937500 0.238281250 0.199218750 0.199218750 0.261718750 0.242187500 0.296875000 0.246093750 
0.238281250 0.296875000 0.324218750 0.660156250 0.886718750 0.890625000 0.546875000 0.578125000 0.750000000 0.550781250 0.550781250 0.300781250 0.507812500 1.113281250 1.542968750 1.160156250 0.527343750 0.304687500 0.246093750 0.328125000 0.265625000 0.203125000 0.214843750 0.437500000 0.226562500 0.187500000 0.128906250 0.136718750 0.183593750 0.156250000 0.121093750 0.199218750 0.250000000 0.226562500 0.230468750 0.289062500 0.507812500 0.500000000 0.355468750 0.496093750 0.492187500 0.253906250 
0.539062500 0.976562500 1.207031250 1.062500000 2.769531250 2.585937500 2.140625000 2.839843750 6.472656250 7.054687500 7.734375000 4.121093750 2.761718750 2.375000000 4.355468750 2.058593750 0.921875000 0.332031250 0.398437500 0.605468750 0.300781250 0.355468750 0.488281250 0.812500000 0.230468750 0.195312500 0.187500000 0.257812500 0.171875000 0.144531250 0.128906250 0.164062500 0.273437500 0.304687500 0.300781250 0.707031250 1.125000000 1.273437500 0.750000000 0.785156250 0.718750000 0.371093750 
0.289062500 1.472656250 2.394531250 1.988281250 3.953125000 1.652343750 1.121093750 3.296875000 10.140625000 13.562500000 16.437500000 5.507812500 3.140625000 4.394531250 6.875000000 5.332031250 1.859375000 0.796875000 1.234375000 1.003906250 0.789062500 0.746093750 1.062500000 1.343750000 0.640625000 0.734375000 0.664062500 0.648437500 0.714843750 0.671875000 0.703125000 0.636718750 0.667968750 0.679687500 0.796875000 1.468750000 1.757812500 1.769531250 1.101562500 1.058593750 1.097656250 0.746093750 
0.324218750 1.894531250 2.328125000 1.902343750 4.257812500 2.449218750 2.628906250 3.253906250 11.414062500 22.816406250 21.042968750 6.601562500 2.242187500 3.285156250 6.789062500 6.433593750 1.933593750 0.652343750 0.679687500 0.769531250 0.597656250 0.347656250 0.796875000 1.343750000 0.425781250 0.230468750 0.328125000 0.390625000 0.363281250 0.195312500 0.207031250 0.160156250 0.250000000 0.347656250 0.351562500 1.324218750 1.937500000 1.972656250 1.199218750 1.093750000 1.011718750 0.488281250 
0.929687500 3.113281250 2.597656250 2.875000000 5.593750000 2.164062500 1.839843750 3.632812500 13.429687500 20.894531250 22.546875000 7.410156250 2.718750000 3.949218750 10.398437500 8.636718750 2.605468750 2.214843750 2.089843750 2.140625000 1.585937500 1.546875000 1.468750000 1.664062500 1.300781250 1.214843750 1.273437500 1.246093750 1.238281250 1.148437500 1.167968750 1.101562500 0.976562500 1.281250000 1.320312500 1.953125000 2.585937500 2.968750000 2.152343750 1.863281250 1.937500000 1.484375000 
1.035156250 3.273437500 2.410156250 1.636718750 5.910156250 3.039062500 3.203125000 6.320312500 14.703125000 16.742187500 25.472656250 8.054687500 2.484375000 3.105468750 12.703125000 7.035156250 2.539062500 2.007812500 1.742187500 1.257812500 1.253906250 1.246093750 1.328125000 1.820312500 1.476562500 1.253906250 1.132812500 1.128906250 1.191406250 1.140625000 1.222656250 1.144531250 1.093750000 1.171875000 1.050781250 1.820312500 2.253906250 2.339843750 1.722656250 1.746093750 1.695312500 1.355468750 
0.636718750 2.765625000 3.335937500 3.253906250 6.242187500 2.605468750 1.644531250 1.992187500 15.105468750 12.445312500 19.562500000 4.171875000 2.535156250 3.765625000 14.851562500 10.152343750 2.011718750 1.449218750 0.839843750 0.984375000 0.546875000 0.769531250 1.234375000 1.648437500 0.441406250 0.308593750 0.183593750 0.285156250 0.382812500 0.246093750 0.312500000 0.226562500 0.390625000 0.601562500 0.410156250 1.847656250 2.136718750 2.292968750 1.437500000 1.640625000 1.667968750 0.417968750 
1.335937500 3.652343750 2.968750000 2.304687500 5.878906250 3.324218750 2.257812500 2.617187500 13.406250000 9.542968750 19.964843750 5.957031250 3.121093750 5.097656250 15.078125000 11.671875000 1.921875000 1.453125000 1.390625000 1.617187500 1.015625000 0.851562500 1.058593750 1.773437500 0.949218750 0.941406250 0.800781250 0.808593750 0.722656250 0.750000000 0.621093750 0.664062500 0.734375000 0.800781250 0.777343750 1.925781250 2.281250000 2.492187500 1.519531250 1.804687500 2.007812500 1.171875000 
0.945312500 3.343750000 3.390625000 2.707031250 6.097656250 3.132812500 2.253906250 1.433593750 13.726562500 7.996093750 19.292968750 4.953125000 2.679687500 3.554687500 13.250000000 9.179687500 1.269531250 0.953125000 0.621093750 1.070312500 0.535156250 0.734375000 0.941406250 1.332031250 0.660156250 0.480468750 0.468750000 0.492187500 0.433593750 0.519531250 0.402343750 0.375000000 0.519531250 0.578125000 0.644531250 1.734375000 2.062500000 2.398437500 1.425781250 1.585937500 1.773437500 0.574218750 
0.378906250 2.675781250 4.082031250 3.589843750 5.992187500 1.628906250 1.968750000 2.570312500 13.558593750 9.519531250 19.300781250 5.687500000 2.507812500 4.394531250 14.273437500 10.066406250 1.476562500 1.070312500 0.691406250 1.160156250 0.796875000 0.808593750 0.898437500 1.398437500 0.566406250 0.511718750 0.488281250 0.363281250 0.308593750 0.425781250 0.304687500 0.328125000 0.394531250 0.488281250 0.582031250 1.289062500 1.585937500 2.078125000 1.265625000 1.253906250 1.570312500 0.585937500 
1.292968750 3.562500000 3.699218750 2.843750000 5.890625000 2.429687500 2.222656250 3.289062500 14.410156250 7.265625000 16.382812500 4.750000000 3.242187500 4.304687500 11.656250000 8.820312500 1.214843750 0.636718750 0.511718750 0.593750000 0.378906250 0.343750000 0.539062500 1.148437500 0.535156250 0.222656250 0.175781250 0.343750000 0.257812500 0.273437500 0.253906250 0.218750000 0.253906250 0.386718750 0.429687500 1.199218750 1.289062500 1.601562500 0.933593750 1.234375000 1.464843750 0.394531250 
0.347656250 2.402343750 3.242187500 2.289062500 5.820312500 4.226562500 4.101562500 5.230468750 16.382812500 9.078125000 15.601562500 2.468750000 2.062500000 3.859375000 11.667968750 8.984375000 3.039062500 2.101562500 1.300781250 1.187500000 1.039062500 0.859375000 0.984375000 1.660156250 0.734375000 0.468750000 0.500000000 0.394531250 0.402343750 0.351562500 0.296875000 0.316406250 0.285156250 0.406250000 0.441406250 1.261718750 1.421875000 1.320312500 0.894531250 1.093750000 1.609375000 0.429687500 
0.914062500 2.160156250 3.183593750 3.710937500 5.964843750 1.476562500 2.484375000 6.906250000 16.558593750 10.195312500 15.531250000 3.882812500 2.054687500 2.718750000 9.433593750 6.097656250 2.863281250 2.054687500 1.589843750 1.707031250 1.308593750 1.214843750 1.242187500 1.710937500 1.195312500 1.062500000 1.078125000 0.910156250 0.890625000 0.910156250 0.867187500 0.828125000 0.839843750 0.917968750 0.988281250 1.632812500 1.667968750 1.437500000 1.261718750 1.425781250 1.863281250 0.714843750 
0.554687500 2.347656250 2.222656250 2.808593750 5.894531250 1.695312500 2.160156250 4.546875000 16.125000000 11.527343750 13.144531250 3.062500000 1.457031250 2.394531250 8.738281250 3.140625000 1.339843750 0.691406250 0.453125000 0.605468750 0.632812500 0.492187500 0.511718750 1.363281250 0.500000000 0.335937500 0.414062500 0.320312500 0.394531250 0.296875000 0.324218750 0.390625000 0.410156250 0.359375000 0.507812500 1.210937500 1.585937500 1.367187500 0.878906250 1.253906250 2.007812500 0.699218750 
1.703125000 3.359375000 3.179687500 3.875000000 6.808593750 1.593750000 3.195312500 5.636718750 15.597656250 11.679687500 12.414062500 2.847656250 2.390625000 2.042968750 8.320312500 3.628906250 2.132812500 1.250000000 0.847656250 0.902343750 0.609375000 0.492187500 0.441406250 1.210937500 0.664062500 0.355468750 0.433593750 0.261718750 0.277343750 0.312500000 0.285156250 0.410156250 0.296875000 0.289062500 0.363281250 1.222656250 1.738281250 1.539062500 0.863281250 1.343750000 2.179687500 0.640625000 
0.464843750 2.023437500 1.589843750 2.414062500 6.628906250 1.800781250 2.078125000 4.972656250 12.371093750 8.976562500 10.921875000 3.167968750 2.460937500 2.308593750 9.871093750 4.578125000 2.488281250 1.984375000 1.742187500 1.597656250 1.093750000 1.343750000 1.269531250 1.671875000 1.308593750 1.039062500 1.078125000 1.109375000 0.980468750 0.996093750 1.007812500 0.925781250 0.933593750 0.929687500 0.953125000 1.320312500 1.843750000 1.691406250 1.335937500 1.582031250 2.445312500 1.605468750 
0.171875000 2.074218750 1.253906250 1.800781250 5.914062500 1.699218750 2.105468750 2.656250000 8.824218750 6.929687500 7.843750000 3.062500000 1.726562500 2.421875000 8.332031250 3.957031250 1.007812500 0.746093750 0.500000000 0.867187500 0.464843750 0.316406250 0.480468750 0.675781250 0.621093750 0.285156250 0.273437500 0.250000000 0.238281250 0.218750000 0.253906250 0.273437500 0.160156250 0.250000000 0.296875000 0.980468750 1.472656250 1.421875000 0.667968750 1.011718750 1.773437500 0.851562500 
0.402343750 1.937500000 1.429687500 1.691406250 4.765625000 0.929687500 1.742187500 2.765625000 10.238281250 8.238281250 7.035156250 3.765625000 1.750000000 3.101562500 5.726562500 2.984375000 0.765625000 0.406250000 0.375000000 0.632812500 0.429687500 0.367187500 0.421875000 0.562500000 0.589843750 0.253906250 0.261718750 0.234375000 0.199218750 0.203125000 0.246093750 0.253906250 0.250000000 0.250000000 0.253906250 0.863281250 1.437500000 1.156250000 0.476562500 0.632812500 1.425781250 0.851562500 
1.175781250 1.871093750 2.210937500 2.667968750 2.941406250 1.769531250 1.917968750 4.472656250 9.417968750 6.746093750 6.132812500 4.996093750 2.296875000 2.535156250 6.199218750 3.937500000 1.023437500 0.765625000 0.609375000 0.765625000 0.621093750 0.531250000 0.480468750 0.621093750 0.738281250 0.511718750 0.519531250 0.457031250 0.386718750 0.402343750 0.488281250 0.316406250 0.269531250 0.355468750 0.410156250 0.886718750 1.179687500 0.992187500 0.718750000 0.968750000 1.445312500 0.882812500 
0.476562500 1.832031250 1.000000000 1.679687500 2.597656250 1.878906250 3.351562500 6.101562500 7.718750000 7.125000000 5.488281250 4.410156250 1.691406250 1.816406250 5.921875000 3.230468750 1.187500000 0.699218750 0.570312500 0.742187500 0.492187500 0.335937500 0.375000000 0.519531250 0.449218750 0.308593750 0.261718750 0.210937500 0.281250000 0.265625000 0.273437500 0.226562500 0.316406250 0.343750000 0.335937500 0.757812500 0.949218750 0.683593750 0.519531250 0.671875000 0.988281250 0.582031250 
0.648437500 1.964843750 1.437500000 1.695312500 1.675781250 1.468750000 2.035156250 3.464843750 5.476562500 5.394531250 3.976562500 3.523437500 1.347656250 1.617187500 4.753906250 2.738281250 0.785156250 0.437500000 0.433593750 0.445312500 0.246093750 0.210937500 0.269531250 0.519531250 0.347656250 0.253906250 0.214843750 0.152343750 0.183593750 0.250000000 0.289062500 0.359375000 0.269531250 0.207031250 0.250000000 0.476562500 0.738281250 0.578125000 0.500000000 0.601562500 0.890625000 0.511718750 
0.554687500 1.371093750 1.203125000 1.265625000 2.031250000 1.300781250 1.355468750 1.531250000 1.617187500 1.917968750 1.968750000 1.792968750 0.570312500 0.722656250 2.578125000 2.375000000 0.609375000 0.570312500 0.410156250 0.542968750 0.335937500 0.179687500 0.222656250 0.312500000 0.238281250 0.339843750 0.281250000 0.265625000 0.261718750 0.285156250 0.281250000 0.316406250 0.308593750 0.269531250 0.261718750 0.281250000 0.320312500 0.269531250 0.328125000 0.425781250 0.535156250 0.507812500 
0.363281250 0.964843750 0.820312500 1.042968750 1.851562500 1.089843750 1.027343750 1.441406250 1.882812500 2.109375000 1.207031250 1.039062500 0.425781250 0.683593750 1.761718750 0.855468750 0.484375000 0.332031250 0.269531250 0.347656250 0.191406250 0.191406250 0.273437500 0.214843750 0.203125000 0.199218750 0.222656250 0.222656250 0.195312500 0.167968750 0.230468750 0.222656250 0.222656250 0.246093750 0.312500000 0.269531250 0.367187500 0.265625000 0.265625000 0.417968750 0.425781250 0.347656250 
0.187500000 0.285156250 0.656250000 0.699218750 1.773437500 0.898437500 0.585937500 0.585937500 1.257812500 1.175781250 0.875000000 0.714843750 0.457031250 0.457031250 1.062500000 0.914062500 0.433593750 0.386718750 0.343750000 0.367187500 0.210937500 0.195312500 0.343750000 0.281250000 0.187500000 0.167968750 0.164062500 0.222656250 0.242187500 0.175781250 0.226562500 0.253906250 0.136718750 0.281250000 0.343750000 0.332031250 0.375000000 0.320312500 0.238281250 0.363281250 0.371093750 0.390625000 
0.140625000 0.269531250 0.601562500 0.671875000 2.027343750 0.687500000 0.390625000 0.343750000 1.246093750 0.710937500 0.320312500 0.648437500 0.480468750 0.640625000 0.753906250 0.519531250 0.355468750 0.332031250 0.488281250 0.351562500 0.308593750 0.226562500 0.273437500 0.238281250 0.285156250 0.253906250 0.230468750 0.222656250 0.207031250 0.218750000 0.242187500 0.195312500 0.171875000 0.191406250 0.328125000 0.300781250 0.347656250 0.382812500 0.328125000 0.410156250 0.332031250 0.339843750 
0.371093750 0.355468750 0.285156250 0.550781250 1.792968750 0.851562500 0.406250000 0.421875000 0.820312500 0.488281250 0.679687500 0.671875000 0.488281250 0.597656250 0.695312500 0.378906250 0.292968750 0.246093750 0.324218750 0.261718750 0.250000000 0.218750000 0.230468750 0.179687500 0.257812500 0.230468750 0.300781250 0.199218750 0.273437500 0.246093750 0.230468750 0.199218750 0.265625000 0.207031250 0.343750000 0.292968750 0.289062500 0.296875000 0.273437500 0.300781250 0.328125000 0.328125000 
0.140625000 0.132812500 0.425781250 1.019531250 1.074218750 0.976562500 0.246093750 0.269531250 0.527343750 0.445312500 0.621093750 0.582031250 0.441406250 0.300781250 0.414062500 0.355468750 0.210937500 0.277343750 0.312500000 0.328125000 0.273437500 0.195312500 0.187500000 0.171875000 0.218750000 0.191406250 0.253906250 0.222656250 0.292968750 0.226562500 0.207031250 0.171875000 0.285156250 0.238281250 0.277343750 0.281250000 0.238281250 0.285156250 0.285156250 0.324218750 0.355468750 0.320312500 
0.234375000 0.214843750 0.507812500 0.484375000 1.042968750 0.605468750 0.203125000 0.347656250 0.558593750 0.550781250 0.804687500 0.464843750 0.402343750 0.406250000 0.394531250 0.277343750 0.320312500 0.371093750 0.230468750 0.257812500 0.210937500 0.203125000 0.191406250 0.222656250 0.246093750 0.199218750 0.257812500 0.214843750 0.246093750 0.207031250 0.214843750 0.140625000 0.257812500 0.230468750 0.320312500 0.292968750 0.199218750 0.277343750 0.304687500 0.363281250 0.359375000 0.312500000 
