0.437500000 0.324218750 0.675781250 1.062500000 1.457031250 0.894531250 0.535156250 0.972656250 1.375000000 1.003906250 0.574218750 0.617187500 0.328125000 0.613281250 0.578125000 0.593750000 0.761718750 0.671875000 0.750000000 0.808593750 0.632812500 0.511718750 0.433593750 0.433593750 0.429687500 0.335937500 0.453125000 0.519531250 0.437500000 0.734375000 0.476562500 0.496093750 0.500000000 0.464843750 0.500000000 0.488281250 0.648437500 0.550781250 0.753906250 0.765625000 1.074218750 3.214843750 
0.617187500 0.136718750 0.613281250 0.761718750 1.664062500 1.023437500 0.828125000 0.816406250 1.183593750 1.121093750 0.675781250 0.507812500 0.382812500 0.582031250 0.632812500 0.617187500 0.613281250 0.519531250 0.375000000 0.441406250 0.421875000 0.492187500 0.285156250 0.421875000 0.304687500 0.390625000 0.382812500 0.273437500 0.363281250 0.343750000 0.222656250 0.292968750 0.277343750 0.273437500 0.335937500 0.250000000 0.265625000 0.296875000 0.355468750 0.324218750 0.406250000 0.699218750 
0.472656250 0.375000000 0.726562500 1.214843750 1.992187500 1.109375000 0.363281250 0.648437500 1.640625000 1.152343750 0.664062500 0.605468750 0.433593750 0.539062500 0.476562500 0.589843750 0.597656250 0.398437500 0.281250000 0.390625000 0.515625000 0.531250000 0.273437500 0.429687500 0.351562500 0.292968750 0.328125000 0.261718750 0.386718750 0.343750000 0.289062500 0.308593750 0.281250000 0.210937500 0.285156250 0.234375000 0.269531250 0.304687500 0.339843750 0.308593750 0.386718750 0.648437500 
0.531250000 0.265625000 0.816406250 0.894531250 1.871093750 0.925781250 0.476562500 0.750000000 1.273437500 1.304687500 0.644531250 0.875000000 0.492187500 0.488281250 0.437500000 0.574218750 0.492187500 0.320312500 0.359375000 0.386718750 0.546875000 0.460937500 0.394531250 0.414062500 0.292968750 0.359375000 0.347656250 0.398437500 0.417968750 0.343750000 0.273437500 0.320312500 0.289062500 0.312500000 0.289062500 0.273437500 0.230468750 0.304687500 0.343750000 0.324218750 0.371093750 0.511718750 
0.621093750 0.292968750 0.726562500 1.730468750 1.851562500 1.152343750 0.578125000 0.707031250 1.519531250 1.343750000 0.542968750 0.718750000 0.390625000 0.589843750 0.410156250 0.613281250 0.519531250 0.468750000 0.558593750 0.460937500 0.800781250 0.730468750 0.445312500 0.269531250 0.691406250 0.839843750 0.527343750 0.773437500 1.492187500 1.914062500 0.488281250 0.355468750 0.371093750 0.695312500 0.519531250 0.328125000 0.453125000 0.386718750 0.574218750 1.035156250 2.042968750 3.015625000 
0.292968750 0.332031250 0.625000000 1.433593750 1.582031250 1.121093750 0.992187500 1.269531250 1.632812500 1.117187500 0.421875000 0.800781250 0.781250000 0.457031250 0.332031250 0.484375000 0.535156250 0.476562500 0.523437500 0.738281250 0.648437500 0.738281250 0.386718750 0.324218750 0.648437500 0.910156250 0.574218750 0.796875000 1.484375000 1.898437500 0.398437500 0.292968750 0.355468750 0.707031250 0.500000000 0.386718750 0.480468750 0.316406250 0.535156250 1.023437500 2.070312500 3.046875000 
0.191406250 0.289062500 0.613281250 1.363281250 1.183593750 1.292968750 1.007812500 0.875000000 1.300781250 1.445312500 0.746093750 0.605468750 0.683593750 0.375000000 0.375000000 0.472656250 0.511718750 0.472656250 0.671875000 0.746093750 0.609375000 0.730468750 0.445312500 0.429687500 0.695312500 0.875000000 0.539062500 0.796875000 1.488281250 1.906250000 0.417968750 0.246093750 0.355468750 0.722656250 0.515625000 0.410156250 0.468750000 0.308593750 0.527343750 1.023437500 2.082031250 3.128906250 
0.558593750 0.328125000 0.347656250 0.562500000 1.238281250 1.332031250 0.894531250 0.738281250 0.855468750 1.175781250 0.640625000 0.386718750 0.714843750 0.429687500 0.710937500 0.507812500 0.542968750 0.406250000 0.574218750 0.589843750 0.472656250 0.515625000 0.320312500 0.445312500 0.414062500 0.476562500 0.457031250 0.378906250 0.445312500 0.355468750 0.242187500 0.277343750 0.328125000 0.296875000 0.425781250 0.394531250 0.332031250 0.265625000 0.273437500 0.445312500 0.722656250 1.144531250 
0.914062500 0.593750000 0.996093750 0.464843750 1.570312500 1.058593750 0.886718750 0.433593750 0.765625000 1.328125000 0.746093750 0.488281250 0.410156250 0.300781250 0.707031250 0.421875000 0.628906250 0.480468750 0.671875000 0.351562500 0.320312500 0.417968750 0.382812500 0.425781250 0.480468750 0.382812500 0.378906250 0.304687500 0.332031250 0.300781250 0.246093750 0.285156250 0.335937500 0.308593750 0.421875000 0.359375000 0.300781250 0.312500000 0.261718750 0.382812500 0.589843750 1.000000000 
0.605468750 0.640625000 0.781250000 0.734375000 1.699218750 0.820312500 0.851562500 0.707031250 0.625000000 1.171875000 0.699218750 0.515625000 0.480468750 0.230468750 0.703125000 0.476562500 0.476562500 0.558593750 0.449218750 0.476562500 0.355468750 0.390625000 0.308593750 0.382812500 0.484375000 0.347656250 0.363281250 0.316406250 0.257812500 0.273437500 0.277343750 0.273437500 0.285156250 0.296875000 0.347656250 0.335937500 0.324218750 0.332031250 0.269531250 0.378906250 0.527343750 0.722656250 
0.703125000 0.300781250 0.953125000 0.675781250 1.707031250 1.191406250 0.414062500 0.828125000 0.621093750 1.281250000 0.750000000 0.554687500 0.382812500 0.410156250 0.777343750 0.460937500 0.476562500 0.445312500 0.523437500 0.480468750 0.523437500 0.492187500 0.378906250 0.355468750 0.390625000 0.324218750 0.375000000 0.308593750 0.187500000 0.265625000 0.277343750 0.265625000 0.300781250 0.335937500 0.312500000 0.355468750 0.363281250 0.320312500 0.304687500 0.375000000 0.425781250 0.671875000 
0.566406250 0.621093750 1.226562500 1.125000000 1.742187500 0.949218750 0.738281250 0.585937500 0.792968750 1.441406250 0.757812500 0.597656250 0.535156250 0.480468750 0.671875000 0.601562500 0.531250000 0.417968750 0.410156250 0.355468750 0.492187500 0.378906250 0.394531250 0.371093750 0.312500000 0.308593750 0.359375000 0.308593750 0.222656250 0.289062500 0.222656250 0.210937500 0.261718750 0.273437500 0.261718750 0.324218750 0.308593750 0.324218750 0.300781250 0.367187500 0.402343750 0.542968750 
0.703125000 0.625000000 0.613281250 0.796875000 1.816406250 0.875000000 0.398437500 0.507812500 0.718750000 1.125000000 0.527343750 0.761718750 0.476562500 0.445312500 0.644531250 0.535156250 0.554687500 0.484375000 0.394531250 0.343750000 0.457031250 0.347656250 0.343750000 0.324218750 0.320312500 0.312500000 0.269531250 0.265625000 0.230468750 0.261718750 0.210937500 0.191406250 0.203125000 0.257812500 0.273437500 0.222656250 0.281250000 0.265625000 0.269531250 0.332031250 0.347656250 0.347656250 
0.476562500 0.386718750 0.796875000 0.941406250 1.703125000 0.992187500 0.703125000 0.730468750 0.832031250 1.148437500 0.761718750 1.058593750 0.648437500 0.507812500 0.402343750 0.562500000 0.648437500 0.597656250 0.437500000 0.367187500 0.343750000 0.335937500 0.273437500 0.289062500 0.265625000 0.250000000 0.410156250 0.386718750 0.242187500 0.265625000 0.273437500 0.257812500 0.226562500 0.250000000 0.281250000 0.203125000 0.292968750 0.253906250 0.308593750 0.273437500 0.351562500 0.347656250 
0.484375000 0.367187500 1.214843750 0.621093750 1.203125000 1.140625000 0.792968750 0.640625000 0.457031250 0.968750000 0.945312500 0.906250000 0.613281250 0.425781250 0.390625000 0.460937500 0.558593750 0.550781250 0.500000000 0.500000000 0.308593750 0.281250000 0.347656250 0.414062500 0.320312500 0.265625000 0.414062500 0.414062500 0.218750000 0.304687500 0.238281250 0.226562500 0.226562500 0.281250000 0.250000000 0.183593750 0.222656250 0.210937500 0.312500000 0.277343750 0.355468750 0.324218750 
0.445312500 0.468750000 0.574218750 0.820312500 1.480468750 1.089843750 0.597656250 0.304687500 0.496093750 1.054687500 0.777343750 0.800781250 0.781250000 0.414062500 0.496093750 0.648437500 0.785156250 0.503906250 0.484375000 0.539062500 0.382812500 0.312500000 0.332031250 0.371093750 0.226562500 0.304687500 0.437500000 0.328125000 0.257812500 0.308593750 0.300781250 0.253906250 0.230468750 0.289062500 0.300781250 0.261718750 0.253906250 0.289062500 0.304687500 0.285156250 0.328125000 0.285156250 
0.613281250 0.195312500 0.972656250 0.878906250 1.175781250 1.023437500 0.542968750 0.363281250 0.531250000 1.050781250 0.828125000 0.664062500 0.730468750 0.269531250 0.421875000 0.640625000 0.863281250 0.570312500 0.492187500 0.613281250 0.503906250 0.410156250 0.328125000 0.453125000 0.320312500 0.382812500 0.421875000 0.351562500 0.281250000 0.375000000 0.296875000 0.300781250 0.195312500 0.261718750 0.242187500 0.316406250 0.320312500 0.339843750 0.378906250 0.320312500 0.425781250 0.292968750 
0.437500000 0.398437500 1.285156250 1.000000000 1.468750000 1.230468750 0.257812500 0.453125000 0.898437500 1.421875000 0.890625000 0.722656250 0.554687500 0.562500000 0.542968750 0.523437500 0.910156250 0.519531250 0.406250000 0.304687500 0.457031250 0.320312500 0.265625000 0.320312500 0.234375000 0.230468750 0.308593750 0.273437500 0.234375000 0.320312500 0.277343750 0.207031250 0.183593750 0.261718750 0.226562500 0.300781250 0.320312500 0.296875000 0.242187500 0.242187500 0.324218750 0.308593750 
0.558593750 0.269531250 1.257812500 0.800781250 1.902343750 1.253906250 0.398437500 0.433593750 1.179687500 1.167968750 0.964843750 1.023437500 0.468750000 0.460937500 0.527343750 0.648437500 0.707031250 0.500000000 0.496093750 0.367187500 0.355468750 0.308593750 0.355468750 0.292968750 0.292968750 0.214843750 0.308593750 0.250000000 0.222656250 0.371093750 0.269531250 0.191406250 0.183593750 0.234375000 0.242187500 0.253906250 0.285156250 0.324218750 0.218750000 0.210937500 0.269531250 0.312500000 
0.457031250 0.375000000 0.910156250 0.820312500 2.046875000 1.171875000 0.359375000 0.535156250 1.132812500 1.554687500 0.789062500 1.035156250 0.433593750 0.425781250 0.554687500 0.609375000 0.535156250 0.363281250 0.507812500 0.292968750 0.332031250 0.343750000 0.394531250 0.335937500 0.324218750 0.175781250 0.316406250 0.246093750 0.250000000 0.320312500 0.292968750 0.277343750 0.242187500 0.277343750 0.273437500 0.250000000 0.234375000 0.316406250 0.246093750 0.273437500 0.339843750 0.339843750 
0.617187500 0.390625000 0.593750000 0.734375000 1.527343750 1.410156250 0.378906250 0.628906250 1.464843750 1.062500000 0.835937500 0.855468750 0.414062500 0.488281250 0.476562500 0.636718750 0.582031250 0.507812500 0.691406250 0.386718750 0.332031250 0.316406250 0.402343750 0.375000000 0.406250000 0.257812500 0.296875000 0.238281250 0.324218750 0.324218750 0.250000000 0.261718750 0.230468750 0.207031250 0.273437500 0.187500000 0.269531250 0.324218750 0.253906250 0.281250000 0.296875000 0.316406250 
0.539062500 0.496093750 0.468750000 0.929687500 1.167968750 0.597656250 0.281250000 0.757812500 1.152343750 1.347656250 0.929687500 1.042968750 0.574218750 0.617187500 0.425781250 0.417968750 0.511718750 0.386718750 0.542968750 0.492187500 0.351562500 0.367187500 0.371093750 0.394531250 0.382812500 0.277343750 0.292968750 0.296875000 0.300781250 0.257812500 0.289062500 0.238281250 0.171875000 0.167968750 0.253906250 0.183593750 0.234375000 0.351562500 0.292968750 0.312500000 0.277343750 0.234375000 
0.453125000 0.414062500 0.613281250 0.820312500 1.054687500 0.406250000 0.542968750 0.593750000 1.574218750 1.242187500 0.664062500 1.023437500 0.472656250 0.492187500 0.625000000 0.781250000 0.765625000 0.386718750 0.488281250 0.546875000 0.507812500 0.402343750 0.394531250 0.324218750 0.324218750 0.289062500 0.351562500 0.277343750 0.242187500 0.265625000 0.281250000 0.226562500 0.167968750 0.203125000 0.226562500 0.277343750 0.316406250 0.375000000 0.312500000 0.261718750 0.292968750 0.253906250 
0.550781250 0.535156250 0.773437500 0.621093750 0.851562500 0.531250000 0.769531250 1.156250000 1.292968750 1.062500000 0.890625000 1.187500000 0.593750000 0.554687500 0.640625000 0.957031250 0.687500000 0.378906250 0.492187500 0.523437500 0.601562500 0.355468750 0.363281250 0.292968750 0.285156250 0.281250000 0.417968750 0.328125000 0.277343750 0.312500000 0.285156250 0.218750000 0.203125000 0.210937500 0.207031250 0.265625000 0.269531250 0.382812500 0.296875000 0.242187500 0.269531250 0.277343750 
0.632812500 0.449218750 0.550781250 0.511718750 1.039062500 1.335937500 0.617187500 0.878906250 1.179687500 1.191406250 0.898437500 0.859375000 0.460937500 0.503906250 0.726562500 0.964843750 0.675781250 0.503906250 0.566406250 0.460937500 0.546875000 0.414062500 0.324218750 0.222656250 0.230468750 0.218750000 0.410156250 0.324218750 0.238281250 0.320312500 0.230468750 0.214843750 0.273437500 0.273437500 0.257812500 0.335937500 0.316406250 0.347656250 0.222656250 0.179687500 0.285156250 0.273437500 
0.695312500 0.210937500 0.664062500 0.628906250 1.457031250 0.968750000 0.726562500 0.851562500 1.250000000 1.203125000 0.792968750 0.878906250 0.636718750 0.445312500 0.921875000 0.828125000 0.640625000 0.519531250 0.527343750 0.410156250 0.421875000 0.410156250 0.285156250 0.203125000 0.390625000 0.339843750 0.355468750 0.339843750 0.250000000 0.339843750 0.246093750 0.277343750 0.281250000 0.253906250 0.257812500 0.296875000 0.250000000 0.324218750 0.183593750 0.269531250 0.304687500 0.269531250 
0.492187500 0.105468750 1.000000000 0.960937500 1.472656250 0.839843750 0.718750000 0.855468750 1.312500000 1.398437500 0.824218750 0.566406250 0.621093750 0.449218750 0.910156250 0.406250000 0.578125000 0.457031250 0.613281250 0.343750000 0.574218750 0.488281250 0.335937500 0.265625000 0.371093750 0.246093750 0.378906250 0.308593750 0.242187500 0.257812500 0.253906250 0.242187500 0.277343750 0.289062500 0.320312500 0.308593750 0.320312500 0.285156250 0.230468750 0.242187500 0.289062500 0.265625000 
0.351562500 0.316406250 0.867187500 0.925781250 1.097656250 0.828125000 0.691406250 0.890625000 1.542968750 1.351562500 0.726562500 0.632812500 0.437500000 0.433593750 0.746093750 0.421875000 0.496093750 0.316406250 0.554687500 0.449218750 0.582031250 0.343750000 0.363281250 0.261718750 0.343750000 0.332031250 0.367187500 0.332031250 0.253906250 0.289062500 0.324218750 0.230468750 0.300781250 0.242187500 0.371093750 0.343750000 0.269531250 0.261718750 0.253906250 0.292968750 0.210937500 0.250000000 
0.410156250 0.386718750 0.679687500 0.957031250 1.277343750 1.160156250 0.679687500 1.027343750 1.000000000 1.199218750 0.851562500 0.914062500 0.480468750 0.355468750 0.464843750 0.292968750 0.468750000 0.417968750 0.691406250 0.472656250 0.488281250 0.304687500 0.265625000 0.339843750 0.308593750 0.296875000 0.394531250 0.394531250 0.347656250 0.308593750 0.355468750 0.234375000 0.261718750 0.281250000 0.378906250 0.343750000 0.296875000 0.257812500 0.300781250 0.300781250 0.312500000 0.312500000 
0.398437500 0.105468750 0.394531250 0.230468750 1.375000000 1.363281250 0.804687500 0.820312500 0.761718750 1.058593750 0.617187500 0.828125000 0.441406250 0.453125000 0.382812500 0.425781250 0.742187500 0.652343750 0.578125000 0.441406250 0.320312500 0.394531250 0.355468750 0.394531250 0.347656250 0.269531250 0.363281250 0.355468750 0.292968750 0.273437500 0.335937500 0.207031250 0.250000000 0.179687500 0.363281250 0.312500000 0.343750000 0.378906250 0.453125000 0.621093750 1.261718750 0.941406250 
0.613281250 0.281250000 0.390625000 0.843750000 1.699218750 1.324218750 0.609375000 0.714843750 0.855468750 1.140625000 0.542968750 0.785156250 0.578125000 0.613281250 0.511718750 0.453125000 0.769531250 0.636718750 0.515625000 0.390625000 0.261718750 0.398437500 0.398437500 0.441406250 0.363281250 0.277343750 0.367187500 0.394531250 0.289062500 0.285156250 0.296875000 0.175781250 0.250000000 0.199218750 0.312500000 0.281250000 0.359375000 0.335937500 0.441406250 0.648437500 1.253906250 0.937500000 
0.820312500 0.394531250 0.433593750 0.710937500 1.484375000 1.187500000 0.625000000 0.632812500 0.855468750 1.222656250 0.738281250 0.628906250 0.484375000 0.636718750 0.429687500 0.570312500 0.867187500 0.644531250 0.449218750 0.429687500 0.367187500 0.425781250 0.351562500 0.343750000 0.312500000 0.320312500 0.355468750 0.335937500 0.292968750 0.250000000 0.246093750 0.242187500 0.257812500 0.218750000 0.285156250 0.222656250 0.328125000 0.324218750 0.464843750 0.652343750 1.261718750 0.890625000 
0.660156250 0.304687500 0.496093750 0.906250000 1.492187500 0.691406250 0.445312500 0.796875000 0.781250000 0.980468750 0.632812500 0.500000000 0.535156250 0.613281250 0.503906250 0.531250000 0.730468750 0.363281250 0.492187500 0.238281250 0.410156250 0.402343750 0.437500000 0.328125000 0.285156250 0.332031250 0.277343750 0.277343750 0.343750000 0.250000000 0.273437500 0.230468750 0.214843750 0.234375000 0.195312500 0.187500000 0.257812500 0.246093750 0.300781250 0.402343750 0.285156250 0.347656250 
0.480468750 0.492187500 0.535156250 0.425781250 1.269531250 0.621093750 0.371093750 0.414062500 0.382812500 0.878906250 0.925781250 0.890625000 0.500000000 0.359375000 0.500000000 0.406250000 0.550781250 0.457031250 0.546875000 0.429687500 0.476562500 0.351562500 0.281250000 0.351562500 0.355468750 0.355468750 0.246093750 0.183593750 0.265625000 0.253906250 0.296875000 0.226562500 0.207031250 0.324218750 0.289062500 0.261718750 0.234375000 0.253906250 0.269531250 0.316406250 0.308593750 0.226562500 
0.925781250 0.246093750 0.761718750 1.058593750 1.292968750 1.363281250 0.777343750 0.722656250 0.667968750 0.867187500 0.546875000 0.722656250 0.535156250 0.363281250 0.687500000 0.390625000 0.441406250 0.410156250 0.472656250 0.386718750 0.414062500 0.339843750 0.316406250 0.335937500 0.289062500 0.285156250 0.261718750 0.207031250 0.261718750 0.214843750 0.292968750 0.222656250 0.234375000 0.273437500 0.308593750 0.308593750 0.320312500 0.246093750 0.230468750 0.347656250 0.355468750 0.269531250 
0.507812500 0.175781250 0.804687500 0.601562500 1.207031250 1.277343750 0.742187500 0.527343750 0.804687500 0.812500000 0.515625000 0.781250000 0.585937500 0.316406250 0.707031250 0.640625000 0.328125000 0.332031250 0.292968750 0.527343750 0.457031250 0.386718750 0.375000000 0.343750000 0.312500000 0.253906250 0.277343750 0.226562500 0.312500000 0.273437500 0.289062500 0.214843750 0.230468750 0.234375000 0.386718750 0.339843750 0.339843750 0.343750000 0.296875000 0.292968750 0.367187500 0.312500000 
0.789062500 0.429687500 0.785156250 0.605468750 1.160156250 1.730468750 0.824218750 0.628906250 0.855468750 0.652343750 0.687500000 0.554687500 0.410156250 0.355468750 0.812500000 0.730468750 0.597656250 0.285156250 0.316406250 0.417968750 0.355468750 0.367187500 0.277343750 0.253906250 0.167968750 0.292968750 0.304687500 0.179687500 0.296875000 0.285156250 0.281250000 0.218750000 0.230468750 0.226562500 0.351562500 0.261718750 0.367187500 0.343750000 0.367187500 0.332031250 0.382812500 0.355468750 
0.578125000 0.347656250 0.570312500 0.480468750 0.976562500 1.363281250 0.527343750 0.609375000 0.742187500 0.714843750 0.664062500 0.402343750 0.488281250 0.402343750 0.683593750 0.648437500 0.847656250 0.488281250 0.339843750 0.449218750 0.371093750 0.484375000 0.285156250 0.238281250 0.164062500 0.261718750 0.316406250 0.218750000 0.312500000 0.265625000 0.300781250 0.218750000 0.203125000 0.210937500 0.320312500 0.250000000 0.320312500 0.343750000 0.328125000 0.269531250 0.339843750 0.347656250 
0.707031250 0.332031250 0.527343750 0.644531250 1.078125000 1.226562500 0.730468750 0.613281250 0.597656250 0.910156250 0.562500000 0.417968750 0.500000000 0.488281250 0.691406250 0.546875000 0.843750000 0.589843750 0.410156250 0.312500000 0.367187500 0.527343750 0.292968750 0.238281250 0.199218750 0.335937500 0.265625000 0.269531250 0.261718750 0.246093750 0.207031250 0.222656250 0.203125000 0.234375000 0.273437500 0.238281250 0.316406250 0.359375000 0.312500000 0.304687500 0.289062500 0.402343750 
0.539062500 0.468750000 0.414062500 0.562500000 1.261718750 1.359375000 0.410156250 0.285156250 0.832031250 1.777343750 0.906250000 0.421875000 0.488281250 0.496093750 0.636718750 0.480468750 0.835937500 0.671875000 0.546875000 0.410156250 0.394531250 0.476562500 0.289062500 0.246093750 0.328125000 0.355468750 0.312500000 0.238281250 0.242187500 0.304687500 0.214843750 0.250000000 0.203125000 0.285156250 0.261718750 0.218750000 0.292968750 0.312500000 0.296875000 0.300781250 0.296875000 0.386718750 
0.710937500 0.351562500 0.578125000 1.109375000 1.699218750 0.785156250 0.460937500 0.503906250 1.062500000 1.808593750 1.089843750 0.640625000 0.671875000 0.500000000 0.714843750 0.527343750 0.671875000 0.589843750 0.492187500 0.437500000 0.519531250 0.425781250 0.347656250 0.417968750 0.359375000 0.289062500 0.351562500 0.292968750 0.308593750 0.332031250 0.328125000 0.292968750 0.195312500 0.234375000 0.179687500 0.324218750 0.359375000 0.328125000 0.250000000 0.324218750 0.332031250 0.437500000 
0.710937500 0.437500000 0.410156250 0.746093750 1.863281250 0.773437500 0.542968750 0.820312500 1.210937500 2.007812500 0.921875000 0.656250000 0.656250000 0.621093750 1.070312500 0.566406250 0.695312500 0.652343750 0.562500000 0.441406250 0.269531250 0.421875000 0.300781250 0.375000000 0.371093750 0.351562500 0.382812500 0.312500000 0.292968750 0.355468750 0.277343750 0.226562500 0.218750000 0.230468750 0.191406250 0.238281250 0.300781250 0.316406250 0.312500000 0.285156250 0.308593750 0.367187500 
0.816406250 0.894531250 1.035156250 0.605468750 1.843750000 1.539062500 0.699218750 0.804687500 1.355468750 1.292968750 0.550781250 0.527343750 0.601562500 0.511718750 0.640625000 0.636718750 0.929687500 0.453125000 0.511718750 0.496093750 0.500000000 0.480468750 0.242187500 0.390625000 0.308593750 0.343750000 0.394531250 0.363281250 0.292968750 0.332031250 0.351562500 0.230468750 0.257812500 0.289062500 0.222656250 0.265625000 0.359375000 0.324218750 0.347656250 0.371093750 0.386718750 0.402343750 
0.675781250 0.589843750 1.972656250 1.335937500 3.390625000 4.097656250 1.863281250 3.359375000 2.671875000 2.367187500 0.519531250 0.597656250 0.617187500 0.625000000 0.820312500 0.726562500 0.800781250 0.414062500 0.542968750 0.476562500 0.464843750 0.480468750 0.265625000 0.414062500 0.445312500 0.535156250 0.503906250 0.640625000 0.425781250 0.445312500 0.394531250 0.246093750 0.300781250 0.289062500 0.628906250 1.925781250 1.437500000 0.992187500 0.519531250 0.363281250 0.550781250 0.472656250 
0.464843750 1.292968750 2.929687500 1.417968750 4.425781250 4.714843750 4.324218750 7.269531250 2.128906250 1.625000000 1.460937500 1.195312500 0.972656250 0.871093750 0.667968750 0.621093750 0.742187500 0.398437500 0.468750000 0.390625000 0.390625000 0.449218750 0.250000000 0.832031250 0.707031250 0.820312500 0.804687500 0.984375000 0.714843750 0.574218750 0.515625000 0.281250000 0.363281250 0.503906250 1.261718750 2.878906250 2.234375000 1.742187500 1.015625000 0.503906250 0.675781250 0.667968750 
0.390625000 2.281250000 5.113281250 1.496093750 6.175781250 4.062500000 4.273437500 9.074218750 2.406250000 1.398437500 1.683593750 1.710937500 0.949218750 0.816406250 1.089843750 0.898437500 0.960937500 0.507812500 0.843750000 0.589843750 0.410156250 0.343750000 0.695312500 1.871093750 1.089843750 1.242187500 1.058593750 1.699218750 0.949218750 0.574218750 0.640625000 0.511718750 0.500000000 0.476562500 1.328125000 3.417968750 2.582031250 2.093750000 1.265625000 0.632812500 0.910156250 0.683593750 
1.601562500 3.933593750 5.699218750 1.703125000 6.238281250 4.859375000 6.496093750 10.218750000 3.460937500 2.296875000 2.695312500 2.230468750 1.281250000 1.230468750 1.027343750 0.976562500 1.218750000 1.187500000 0.968750000 0.808593750 0.863281250 0.742187500 1.167968750 2.347656250 1.140625000 1.679687500 0.968750000 1.695312500 1.058593750 0.753906250 0.656250000 0.625000000 0.660156250 0.476562500 1.312500000 3.722656250 2.890625000 2.191406250 1.542968750 0.964843750 1.289062500 1.054687500 
2.105468750 4.710937500 6.460937500 2.781250000 5.921875000 4.972656250 6.949218750 6.375000000 2.277343750 3.683593750 2.699218750 1.957031250 1.058593750 1.144531250 1.207031250 0.683593750 0.996093750 0.613281250 0.785156250 0.683593750 0.625000000 0.667968750 1.031250000 3.011718750 1.804687500 2.363281250 1.589843750 1.507812500 0.812500000 0.609375000 0.582031250 0.468750000 0.539062500 0.453125000 1.023437500 3.382812500 2.695312500 1.871093750 1.316406250 0.804687500 1.085937500 0.910156250 
2.394531250 5.292968750 5.718750000 1.089843750 5.031250000 2.988281250 5.613281250 6.867187500 5.746093750 4.382812500 3.347656250 2.480468750 1.910156250 1.492187500 1.519531250 0.984375000 1.183593750 1.062500000 1.457031250 1.195312500 0.988281250 0.789062500 1.960937500 3.105468750 1.863281250 3.136718750 1.734375000 1.656250000 1.007812500 0.675781250 0.894531250 0.777343750 0.804687500 0.859375000 1.136718750 2.960937500 2.507812500 1.742187500 0.957031250 0.714843750 1.066406250 1.140625000 
1.593750000 4.812500000 6.644531250 2.355468750 5.132812500 4.210937500 4.363281250 4.464843750 6.917968750 6.851562500 3.343750000 1.355468750 1.187500000 1.093750000 0.796875000 0.949218750 0.730468750 0.906250000 1.152343750 0.816406250 1.046875000 1.492187500 2.226562500 2.742187500 1.550781250 3.152343750 1.714843750 0.968750000 0.667968750 0.625000000 0.742187500 0.855468750 0.683593750 0.621093750 0.714843750 2.351562500 1.992187500 1.125000000 0.914062500 0.625000000 0.835937500 0.917968750 
0.527343750 4.097656250 7.035156250 3.531250000 5.066406250 2.492187500 3.296875000 5.679687500 9.855468750 6.531250000 3.726562500 1.507812500 1.027343750 0.605468750 0.457031250 0.390625000 0.554687500 0.535156250 0.757812500 0.695312500 1.148437500 1.593750000 2.839843750 2.761718750 1.507812500 3.046875000 1.554687500 1.042968750 0.644531250 0.429687500 0.480468750 0.546875000 0.503906250 0.500000000 0.617187500 2.054687500 2.078125000 0.984375000 0.894531250 0.433593750 0.664062500 0.640625000 
1.820312500 4.792968750 5.175781250 2.148437500 5.156250000 2.199218750 3.128906250 3.949218750 12.851562500 4.207031250 2.734375000 1.078125000 1.601562500 0.914062500 1.117187500 0.835937500 0.976562500 0.875000000 1.132812500 0.949218750 1.906250000 1.917968750 2.421875000 2.960937500 1.808593750 2.914062500 1.343750000 0.906250000 0.714843750 0.492187500 0.558593750 0.613281250 0.382812500 0.519531250 0.632812500 1.695312500 1.945312500 0.960937500 0.910156250 0.492187500 0.675781250 0.753906250 
1.632812500 3.242187500 4.125000000 2.269531250 5.960937500 3.890625000 5.445312500 5.601562500 16.179687500 6.441406250 3.531250000 2.546875000 1.230468750 0.699218750 0.519531250 0.656250000 0.925781250 0.628906250 0.464843750 0.644531250 1.757812500 3.335937500 2.175781250 2.960937500 1.628906250 2.726562500 0.980468750 0.679687500 0.570312500 0.425781250 0.468750000 0.628906250 0.332031250 0.464843750 0.410156250 1.261718750 1.976562500 1.238281250 0.988281250 0.457031250 0.726562500 0.750000000 
2.476562500 1.804687500 2.980468750 3.265625000 7.140625000 2.105468750 2.148437500 6.566406250 18.621093750 7.882812500 2.894531250 2.011718750 1.980468750 1.046875000 0.398437500 0.933593750 1.324218750 0.695312500 0.746093750 0.640625000 2.089843750 4.128906250 1.832031250 2.019531250 1.660156250 2.691406250 1.062500000 0.792968750 0.503906250 0.410156250 0.410156250 0.714843750 0.312500000 0.441406250 0.546875000 0.707031250 1.617187500 1.234375000 1.187500000 0.601562500 0.750000000 0.960937500 
1.195312500 1.109375000 2.750000000 2.644531250 7.496093750 2.375000000 2.648437500 4.796875000 16.738281250 8.769531250 3.863281250 2.734375000 0.992187500 0.792968750 0.984375000 1.125000000 0.972656250 0.781250000 0.585937500 0.871093750 2.324218750 4.332031250 2.394531250 1.722656250 1.417968750 2.101562500 0.988281250 0.574218750 0.644531250 0.707031250 0.531250000 0.746093750 0.480468750 0.589843750 0.671875000 0.660156250 1.367187500 1.738281250 1.226562500 0.941406250 0.964843750 1.039062500 
0.632812500 1.558593750 3.070312500 3.734375000 6.957031250 2.136718750 1.109375000 4.984375000 13.035156250 3.957031250 3.792968750 1.851562500 1.878906250 1.718750000 1.613281250 1.300781250 1.253906250 0.953125000 1.195312500 1.507812500 3.421875000 3.472656250 1.683593750 1.617187500 1.070312500 1.527343750 1.042968750 0.550781250 0.488281250 0.546875000 0.562500000 0.546875000 0.718750000 0.636718750 0.621093750 0.574218750 1.453125000 1.421875000 1.148437500 0.949218750 1.003906250 1.300781250 
0.695312500 2.175781250 3.281250000 3.378906250 6.109375000 2.714843750 2.156250000 4.550781250 11.339843750 5.203125000 2.125000000 1.839843750 1.003906250 0.906250000 0.921875000 1.027343750 0.839843750 0.597656250 0.718750000 1.175781250 2.585937500 2.933593750 1.371093750 1.632812500 1.042968750 1.203125000 0.601562500 0.375000000 0.308593750 0.250000000 0.347656250 0.320312500 0.292968750 0.234375000 0.347656250 0.417968750 0.835937500 1.042968750 0.664062500 0.500000000 0.535156250 0.714843750 
0.914062500 3.832031250 2.832031250 2.410156250 5.250000000 2.707031250 1.792968750 3.097656250 9.968750000 3.929687500 1.453125000 1.144531250 1.589843750 0.910156250 0.660156250 0.789062500 0.609375000 0.800781250 0.601562500 1.046875000 2.941406250 2.464843750 0.925781250 1.269531250 0.917968750 1.203125000 0.667968750 0.332031250 0.296875000 0.207031250 0.250000000 0.316406250 0.375000000 0.355468750 0.328125000 0.394531250 0.824218750 0.996093750 0.710937500 0.511718750 0.566406250 0.652343750 
1.230468750 2.886718750 3.132812500 1.332031250 4.296875000 2.816406250 1.800781250 2.269531250 8.843750000 4.089843750 1.269531250 1.468750000 0.792968750 0.585937500 0.523437500 0.671875000 0.703125000 0.734375000 0.457031250 0.816406250 2.335937500 1.746093750 0.667968750 0.914062500 0.750000000 0.976562500 0.562500000 0.316406250 0.285156250 0.285156250 0.265625000 0.328125000 0.406250000 0.347656250 0.316406250 0.320312500 0.628906250 0.781250000 0.460937500 0.355468750 0.488281250 0.597656250 
1.152343750 2.226562500 2.375000000 1.273437500 2.453125000 2.542968750 1.574218750 2.726562500 5.988281250 2.335937500 0.722656250 0.992187500 0.773437500 0.289062500 0.460937500 0.562500000 0.582031250 0.445312500 0.492187500 0.648437500 2.109375000 1.597656250 0.601562500 0.476562500 0.539062500 0.656250000 0.460937500 0.269531250 0.238281250 0.160156250 0.203125000 0.289062500 0.277343750 0.347656250 0.253906250 0.183593750 0.453125000 0.574218750 0.398437500 0.304687500 0.363281250 0.449218750 
0.699218750 0.656250000 0.957031250 1.035156250 1.269531250 1.511718750 1.691406250 1.753906250 1.652343750 1.429687500 1.074218750 0.769531250 0.664062500 0.589843750 0.449218750 0.421875000 0.414062500 0.195312500 0.148437500 0.218750000 0.300781250 0.386718750 0.179687500 0.105468750 0.117187500 0.230468750 0.292968750 0.171875000 0.054687500 0.058593750 0.046875000 0.113281250 0.195312500 0.171875000 0.085937500 0.054687500 0.066406250 0.109375000 0.171875000 0.101562500 0.175781250 0.199218750 
0.000000000 0.000000000 0.000000000 0.000000000 0.000000000 0.000000000 0.000000000 0.000000000 0.000000000 0.000000000 0.000000000 0.000000000 0.000000000 0.000000000 0.000000000 0.000000000 0.000000000 0.000000000 0.000000000 0.000000000 0.000000000 0.000000000 0.000000000 0.000000000 0.000000000 0.000000000 0.000000000 0.000000000 0.000000000 0.000000000 0.000000000 0.000000000 0.000000000 0.000000000 0.000000000 0.000000000 0.000000000 0.000000000 0.000000000 0.000000000 0.000000000 0.000000000 
0.000000000 0.000000000 0.000000000 0.000000000 0.000000000 0.000000000 0.000000000 0.000000000 0.000000000 0.000000000 0.000000000 0.000000000 0.000000000 0.000000000 0.000000000 0.000000000 0.000000000 0.000000000 0.000000000 0.000000000 0.000000000 0.000000000 0.000000000 0.000000000 0.000000000 0.000000000 0.000000000 0.000000000 0.000000000 0.000000000 0.000000000 0.000000000 0.000000000 0.000000000 0.000000000 0.000000000 0.000000000 0.000000000 0.000000000 0.000000000 0.000000000 0.000000000 
0.000000000 0.000000000 0.000000000 0.000000000 0.000000000 0.000000000 0.000000000 0.000000000 0.000000000 0.000000000 0.000000000 0.000000000 0.000000000 0.000000000 0.000000000 0.000000000 0.000000000 0.000000000 0.000000000 0.000000000 0.000000000 0.000000000 0.000000000 0.000000000 0.000000000 0.000000000 0.000000000 0.000000000 0.000000000 0.000000000 0.000000000 0.000000000 0.000000000 0.000000000 0.000000000 0.000000000 0.000000000 0.000000000 0.000000000 0.000000000 0.000000000 0.000000000 
0.000000000 0.000000000 0.000000000 0.000000000 0.000000000 0.000000000 0.000000000 0.000000000 0.000000000 0.000000000 0.000000000 0.000000000 0.000000000 0.000000000 0.000000000 0.000000000 0.000000000 0.000000000 0.000000000 0.000000000 0.000000000 0.000000000 0.000000000 0.000000000 0.000000000 0.000000000 0.000000000 0.000000000 0.000000000 0.000000000 0.000000000 0.000000000 0.000000000 0.000000000 0.000000000 0.000000000 0.000000000 0.000000000 0.000000000 0.000000000 0.000000000 0.000000000 
0.000000000 0.000000000 0.000000000 0.000000000 0.000000000 0.000000000 0.000000000 0.000000000 0.000000000 0.000000000 0.000000000 0.000000000 0.000000000 0.000000000 0.000000000 0.000000000 0.000000000 0.000000000 0.000000000 0.000000000 0.000000000 0.000000000 0.000000000 0.000000000 0.000000000 0.000000000 0.000000000 0.000000000 0.000000000 0.000000000 0.000000000 0.000000000 0.000000000 0.000000000 0.000000000 0.000000000 0.000000000 0.000000000 0.000000000 0.000000000 0.000000000 0.000000000 
0.000000000 0.000000000 0.000000000 0.000000000 0.000000000 0.000000000 0.000000000 0.000000000 0.000000000 0.000000000 0.000000000 0.000000000 0.000000000 0.000000000 0.000000000 0.000000000 0.000000000 0.000000000 0.000000000 0.000000000 0.000000000 0.000000000 0.000000000 0.000000000 0.000000000 0.000000000 0.000000000 0.000000000 0.000000000 0.000000000 0.000000000 0.000000000 0.000000000 0.000000000 0.000000000 0.000000000 0.000000000 0.000000000 0.000000000 0.000000000 0.000000000 0.000000000 
0.000000000 0.000000000 0.000000000 0.000000000 0.000000000 0.000000000 0.000000000 0.000000000 0.000000000 0.000000000 0.000000000 0.000000000 0.000000000 0.000000000 0.000000000 0.000000000 0.000000000 0.000000000 0.000000000 0.000000000 0.000000000 0.000000000 0.000000000 0.000000000 0.000000000 0.000000000 0.000000000 0.000000000 0.000000000 0.000000000 0.000000000 0.000000000 0.000000000 0.000000000 0.000000000 0.000000000 0.000000000 0.000000000 0.000000000 0.000000000 0.000000000 0.000000000 
0.000000000 0.000000000 0.000000000 0.000000000 0.000000000 0.000000000 0.000000000 0.000000000 0.000000000 0.000000000 0.000000000 0.000000000 0.000000000 0.000000000 0.000000000 0.000000000 0.000000000 0.000000000 0.000000000 0.000000000 0.000000000 0.000000000 0.000000000 0.000000000 0.000000000 0.000000000 0.000000000 0.000000000 0.000000000 0.000000000 0.000000000 0.000000000 0.000000000 0.000000000 0.000000000 0.000000000 0.000000000 0.000000000 0.000000000 0.000000000 0.000000000 0.000000000 
0.000000000 0.000000000 0.000000000 0.000000000 0.000000000 0.000000000 0.000000000 0.000000000 0.000000000 0.000000000 0.000000000 0.000000000 0.000000000 0.000000000 0.000000000 0.000000000 0.000000000 0.000000000 0.000000000 0.000000000 0.000000000 0.000000000 0.000000000 0.000000000 0.000000000 0.000000000 0.000000000 0.000000000 0.000000000 0.000000000 0.000000000 0.000000000 0.000000000 0.000000000 0.000000000 0.000000000 0.000000000 0.000000000 0.000000000 0.000000000 0.000000000 0.000000000 
0.000000000 0.000000000 0.000000000 0.000000000 0.000000000 0.000000000 0.000000000 0.000000000 0.000000000 0.000000000 0.000000000 0.000000000 0.000000000 0.000000000 0.000000000 0.000000000 0.000000000 0.000000000 0.000000000 0.000000000 0.000000000 0.000000000 0.000000000 0.000000000 0.000000000 0.000000000 0.000000000 0.000000000 0.000000000 0.000000000 0.000000000 0.000000000 0.000000000 0.000000000 0.000000000 0.000000000 0.000000000 0.000000000 0.000000000 0.000000000 0.000000000 0.000000000 
0.000000000 0.000000000 0.000000000 0.000000000 0.000000000 0.000000000 0.000000000 0.000000000 0.000000000 0.000000000 0.000000000 0.000000000 0.000000000 0.000000000 0.000000000 0.000000000 0.000000000 0.000000000 0.000000000 0.000000000 0.000000000 0.000000000 0.000000000 0.000000000 0.000000000 0.000000000 0.000000000 0.000000000 0.000000000 0.000000000 0.000000000 0.000000000 0.000000000 0.000000000 0.000000000 0.000000000 0.000000000 0.000000000 0.000000000 0.000000000 0.000000000 0.000000000 
0.000000000 0.000000000 0.000000000 0.000000000 0.000000000 0.000000000 0.000000000 0.000000000 0.000000000 0.000000000 0.000000000 0.000000000 0.000000000 0.000000000 0.000000000 0.000000000 0.000000000 0.000000000 0.000000000 0.000000000 0.000000000 0.000000000 0.000000000 0.000000000 0.000000000 0.000000000 0.000000000 0.000000000 0.000000000 0.000000000 0.000000000 0.000000000 0.000000000 0.000000000 0.000000000 0.000000000 0.000000000 0.000000000 0.000000000 0.000000000 0.000000000 0.000000000 
0.000000000 0.000000000 0.000000000 0.000000000 0.000000000 0.000000000 0.000000000 0.000000000 0.000000000 0.000000000 0.000000000 0.000000000 0.000000000 0.000000000 0.000000000 0.000000000 0.000000000 0.000000000 0.000000000 0.000000000 0.000000000 0.000000000 0.000000000 0.000000000 0.000000000 0.000000000 0.000000000 0.000000000 0.000000000 0.000000000 0.000000000 0.000000000 0.000000000 0.000000000 0.000000000 0.000000000 0.000000000 0.000000000 0.000000000 0.000000000 0.000000000 0.000000000 
0.000000000 0.000000000 0.000000000 0.000000000 0.000000000 0.000000000 0.000000000 0.000000000 0.000000000 0.000000000 0.000000000 0.000000000 0.000000000 0.000000000 0.000000000 0.000000000 0.000000000 0.000000000 0.000000000 0.000000000 0.000000000 0.000000000 0.000000000 0.000000000 0.000000000 0.000000000 0.000000000 0.000000000 0.000000000 0.000000000 0.000000000 0.000000000 0.000000000 0.000000000 0.000000000 0.000000000 0.000000000 0.000000000 0.000000000 0.000000000 0.000000000 0.000000000 
0.000000000 0.000000000 0.000000000 0.000000000 0.000000000 0.000000000 0.000000000 0.000000000 0.000000000 0.000000000 0.000000000 0.000000000 0.000000000 0.000000000 0.000000000 0.000000000 0.000000000 0.000000000 0.000000000 0.000000000 0.000000000 0.000000000 0.000000000 0.000000000 0.000000000 0.000000000 0.000000000 0.000000000 0.000000000 0.000000000 0.000000000 0.000000000 0.000000000 0.000000000 0.000000000 0.000000000 0.000000000 0.000000000 0.000000000 0.000000000 0.000000000 0.000000000 
0.000000000 0.000000000 0.000000000 0.000000000 0.000000000 0.000000000 0.000000000 0.000000000 0.000000000 0.000000000 0.000000000 0.000000000 0.000000000 0.000000000 0.000000000 0.000000000 0.000000000 0.000000000 0.000000000 0.000000000 0.000000000 0.000000000 0.000000000 0.000000000 0.000000000 0.000000000 0.000000000 0.000000000 0.000000000 0.000000000 0.000000000 0.000000000 0.000000000 0.000000000 0.000000000 0.000000000 0.000000000 0.000000000 0.000000000 0.000000000 0.000000000 0.000000000 
0.000000000 0.000000000 0.000000000 0.000000000 0.000000000 0.000000000 0.000000000 0.000000000 0.000000000 0.000000000 0.000000000 0.000000000 0.000000000 0.000000000 0.000000000 0.000000000 0.000000000 0.000000000 0.000000000 0.000000000 0.000000000 0.000000000 0.000000000 0.000000000 0.000000000 0.000000000 0.000000000 0.000000000 0.000000000 0.000000000 0.000000000 0.000000000 0.000000000 0.000000000 0.000000000 0.000000000 0.000000000 0.000000000 0.000000000 0.000000000 0.000000000 0.000000000 
0.000000000 0.000000000 0.000000000 0.000000000 0.000000000 0.000000000 0.000000000 0.000000000 0.000000000 0.000000000 0.000000000 0.000000000 0.000000000 0.000000000 0.000000000 0.000000000 0.000000000 0.000000000 0.000000000 0.000000000 0.000000000 0.000000000 0.000000000 0.000000000 0.000000000 0.000000000 0.000000000 0.000000000 0.000000000 0.000000000 0.000000000 0.000000000 0.000000000 0.000000000 0.000000000 0.000000000 0.000000000 0.000000000 0.000000000 0.000000000 0.000000000 0.000000000 
0.000000000 0.000000000 0.000000000 0.000000000 0.000000000 0.000000000 0.000000000 0.000000000 0.000000000 0.000000000 0.000000000 0.000000000 0.000000000 0.000000000 0.000000000 0.000000000 0.000000000 0.000000000 0.000000000 0.000000000 0.000000000 0.000000000 0.000000000 0.000000000 0.000000000 0.000000000 0.000000000 0.000000000 0.000000000 0.000000000 0.000000000 0.000000000 0.000000000 0.000000000 0.000000000 0.000000000 0.000000000 0.000000000 0.000000000 0.000000000 0.000000000 0.000000000 
0.000000000 0.000000000 0.000000000 0.000000000 0.000000000 0.000000000 0.000000000 0.000000000 0.000000000 0.000000000 0.000000000 0.000000000 0.000000000 0.000000000 0.000000000 0.000000000 0.000000000 0.000000000 0.000000000 0.000000000 0.000000000 0.000000000 0.000000000 0.000000000 0.000000000 0.000000000 0.000000000 0.000000000 0.000000000 0.000000000 0.000000000 0.000000000 0.000000000 0.000000000 0.000000000 0.000000000 0.000000000 0.000000000 0.000000000 0.000000000 0.000000000 0.000000000 
0.000000000 0.000000000 0.000000000 0.000000000 0.000000000 0.000000000 0.000000000 0.000000000 0.000000000 0.000000000 0.000000000 0.000000000 0.000000000 0.000000000 0.000000000 0.000000000 0.000000000 0.000000000 0.000000000 0.000000000 0.000000000 0.000000000 0.000000000 0.000000000 0.000000000 0.000000000 0.000000000 0.000000000 0.000000000 0.000000000 0.000000000 0.000000000 0.000000000 0.000000000 0.000000000 0.000000000 0.000000000 0.000000000 0.000000000 0.000000000 0.000000000 0.000000000 
0.000000000 0.000000000 0.000000000 0.000000000 0.000000000 0.000000000 0.000000000 0.000000000 0.000000000 0.000000000 0.000000000 0.000000000 0.000000000 0.000000000 0.000000000 0.000000000 0.000000000 0.000000000 0.000000000 0.000000000 0.000000000 0.000000000 0.000000000 0.000000000 0.000000000 0.000000000 0.000000000 0.000000000 0.000000000 0.000000000 0.000000000 0.000000000 0.000000000 0.000000000 0.000000000 0.000000000 0.000000000 0.000000000 0.000000000 0.000000000 0.000000000 0.000000000 
0.000000000 0.000000000 0.000000000 0.000000000 0.000000000 0.000000000 0.000000000 0.000000000 0.000000000 0.000000000 0.000000000 0.000000000 0.000000000 0.000000000 0.000000000 0.000000000 0.000000000 0.000000000 0.000000000 0.000000000 0.000000000 0.000000000 0.000000000 0.000000000 0.000000000 0.000000000 0.000000000 0.000000000 0.000000000 0.000000000 0.000000000 0.000000000 0.000000000 0.000000000 0.000000000 0.000000000 0.000000000 0.000000000 0.000000000 0.000000000 0.000000000 0.000000000 
0.000000000 0.000000000 0.000000000 0.000000000 0.000000000 0.000000000 0.000000000 0.000000000 0.000000000 0.000000000 0.000000000 0.000000000 0.000000000 0.000000000 0.000000000 0.000000000 0.000000000 0.000000000 0.000000000 0.000000000 0.000000000 0.000000000 0.000000000 0.000000000 0.000000000 0.000000000 0.000000000 0.000000000 0.000000000 0.000000000 0.000000000 0.000000000 0.000000000 0.000000000 0.000000000 0.000000000 0.000000000 0.000000000 0.000000000 0.000000000 0.000000000 0.000000000 
0.000000000 0.000000000 0.000000000 0.000000000 0.000000000 0.000000000 0.000000000 0.000000000 0.000000000 0.000000000 0.000000000 0.000000000 0.000000000 0.000000000 0.000000000 0.000000000 0.000000000 0.000000000 0.000000000 0.000000000 0.000000000 0.000000000 0.000000000 0.000000000 0.000000000 0.000000000 0.000000000 0.000000000 0.000000000 0.000000000 0.000000000 0.000000000 0.000000000 0.000000000 0.000000000 0.000000000 0.000000000 0.000000000 0.000000000 0.000000000 0.000000000 0.000000000 
0.000000000 0.000000000 0.000000000 0.000000000 0.000000000 0.000000000 0.000000000 0.000000000 0.000000000 0.000000000 0.000000000 0.000000000 0.000000000 0.000000000 0.000000000 0.000000000 0.000000000 0.000000000 0.000000000 0.000000000 0.000000000 0.000000000 0.000000000 0.000000000 0.000000000 0.000000000 0.000000000 0.000000000 0.000000000 0.000000000 0.000000000 0.000000000 0.000000000 0.000000000 0.000000000 0.000000000 0.000000000 0.000000000 0.000000000 0.000000000 0.000000000 0.000000000 
0.000000000 0.000000000 0.000000000 0.000000000 0.000000000 0.000000000 0.000000000 0.000000000 0.000000000 0.000000000 0.000000000 0.000000000 0.000000000 0.000000000 0.000000000 0.000000000 0.000000000 0.000000000 0.000000000 0.000000000 0.000000000 0.000000000 0.000000000 0.000000000 0.000000000 0.000000000 0.000000000 0.000000000 0.000000000 0.000000000 0.000000000 0.000000000 0.000000000 0.000000000 0.000000000 0.000000000 0.000000000 0.000000000 0.000000000 0.000000000 0.000000000 0.000000000 
0.000000000 0.000000000 0.000000000 0.000000000 0.000000000 0.000000000 0.000000000 0.000000000 0.000000000 0.000000000 0.000000000 0.000000000 0.000000000 0.000000000 0.000000000 0.000000000 0.000000000 0.000000000 0.000000000 0.000000000 0.000000000 0.000000000 0.000000000 0.000000000 0.000000000 0.000000000 0.000000000 0.000000000 0.000000000 0.000000000 0.000000000 0.000000000 0.000000000 0.000000000 0.000000000 0.000000000 0.000000000 0.000000000 0.000000000 0.000000000 0.000000000 0.000000000 
0.000000000 0.000000000 0.000000000 0.000000000 0.000000000 0.000000000 0.000000000 0.000000000 0.000000000 0.000000000 0.000000000 0.000000000 0.000000000 0.000000000 0.000000000 0.000000000 0.000000000 0.000000000 0.000000000 0.000000000 0.000000000 0.000000000 0.000000000 0.000000000 0.000000000 0.000000000 0.000000000 0.000000000 0.000000000 0.000000000 0.000000000 0.000000000 0.000000000 0.000000000 0.000000000 0.000000000 0.000000000 0.000000000 0.000000000 0.000000000 0.000000000 0.000000000 
0.000000000 0.000000000 0.000000000 0.000000000 0.000000000 0.000000000 0.000000000 0.000000000 0.000000000 0.000000000 0.000000000 0.000000000 0.000000000 0.000000000 0.000000000 0.000000000 0.000000000 0.000000000 0.000000000 0.000000000 0.000000000 0.000000000 0.000000000 0.000000000 0.000000000 0.000000000 0.000000000 0.000000000 0.000000000 0.000000000 0.000000000 0.000000000 0.000000000 0.000000000 0.000000000 0.000000000 0.000000000 0.000000000 0.000000000 0.000000000 0.000000000 0.000000000 
0.000000000 0.000000000 0.000000000 0.000000000 0.000000000 0.000000000 0.000000000 0.000000000 0.000000000 0.000000000 0.000000000 0.000000000 0.000000000 0.000000000 0.000000000 0.000000000 0.000000000 0.000000000 0.000000000 0.000000000 0.000000000 0.000000000 0.000000000 0.000000000 0.000000000 0.000000000 0.000000000 0.000000000 0.000000000 0.000000000 0.000000000 0.000000000 0.000000000 0.000000000 0.000000000 0.000000000 0.000000000 0.000000000 0.000000000 0.000000000 0.000000000 0.000000000 
0.000000000 0.000000000 0.000000000 0.000000000 0.000000000 0.000000000 0.000000000 0.000000000 0.000000000 0.000000000 0.000000000 0.000000000 0.000000000 0.000000000 0.000000000 0.000000000 0.000000000 0.000000000 0.000000000 0.000000000 0.000000000 0.000000000 0.000000000 0.000000000 0.000000000 0.000000000 0.000000000 0.000000000 0.000000000 0.000000000 0.000000000 0.000000000 0.000000000 0.000000000 0.000000000 0.000000000 0.000000000 0.000000000 0.000000000 0.000000000 0.000000000 0.000000000 
0.000000000 0.000000000 0.000000000 0.000000000 0.000000000 0.000000000 0.000000000 0.000000000 0.000000000 0.000000000 0.000000000 0.000000000 0.000000000 0.000000000 0.000000000 0.000000000 0.000000000 0.000000000 0.000000000 0.000000000 0.000000000 0.000000000 0.000000000 0.000000000 0.000000000 0.000000000 0.000000000 0.000000000 0.000000000 0.000000000 0.000000000 0.000000000 0.000000000 0.000000000 0.000000000 0.000000000 0.000000000 0.000000000 0.000000000 0.000000000 0.000000000 0.000000000 
0.000000000 0.000000000 0.000000000 0.000000000 0.000000000 0.000000000 0.000000000 0.000000000 0.000000000 0.000000000 0.000000000 0.000000000 0.000000000 0.000000000 0.000000000 0.000000000 0.000000000 0.000000000 0.000000000 0.000000000 0.000000000 0.000000000 0.000000000 0.000000000 0.000000000 0.000000000 0.000000000 0.000000000 0.000000000 0.000000000 0.000000000 0.000000000 0.000000000 0.000000000 0.000000000 0.000000000 0.000000000 0.000000000 0.000000000 0.000000000 0.000000000 0.000000000 
0.000000000 0.000000000 0.000000000 0.000000000 0.000000000 0.000000000 0.000000000 0.000000000 0.000000000 0.000000000 0.000000000 0.000000000 0.000000000 0.000000000 0.000000000 0.000000000 0.000000000 0.000000000 0.000000000 0.000000000 0.000000000 0.000000000 0.000000000 0.000000000 0.000000000 0.000000000 0.000000000 0.000000000 0.000000000 0.000000000 0.000000000 0.000000000 0.000000000 0.000000000 0.000000000 0.000000000 0.000000000 0.000000000 0.000000000 0.000000000 0.000000000 0.000000000 
0.000000000 0.000000000 0.000000000 0.000000000 0.000000000 0.000000000 0.000000000 0.000000000 0.000000000 0.000000000 0.000000000 0.000000000 0.000000000 0.000000000 0.000000000 0.000000000 0.000000000 0.000000000 0.000000000 0.000000000 0.000000000 0.000000000 0.000000000 0.000000000 0.000000000 0.000000000 0.000000000 0.000000000 0.000000000 0.000000000 0.000000000 0.000000000 0.000000000 0.000000000 0.000000000 0.000000000 0.000000000 0.000000000 0.000000000 0.000000000 0.000000000 0.000000000 
