-3.937500000 -3.937500000 -3.753906250 -4.445312500 -4.445312500 -3.464843750 -3.148437500 -3.347656250 -3.937500000 -4.160156250 -3.937500000 -4.851562500 -4.445312500 -4.445312500 -4.445312500 -3.242187500 -3.242187500 -3.597656250 -3.347656250 -4.445312500 -3.242187500 -3.058593750 -3.347656250 -3.347656250 -2.550781250 -3.242187500 -4.160156250 -2.906250000 -4.160156250 -2.550781250 -1.484375000 -1.046875000 -1.046875000 -1.675781250 -2.835937500 -2.250000000 -1.675781250 -1.011718750 -1.738281250 -2.835937500 -2.601562500 -2.367187500 
-4.445312500 -4.160156250 -3.937500000 -4.160156250 -4.160156250 -3.937500000 -3.937500000 -3.937500000 -4.445312500 -4.445312500 -4.160156250 -4.160156250 -4.851562500 -5.546875000 -5.546875000 -5.546875000 -5.546875000 -5.546875000 -5.546875000 -5.546875000 -5.546875000 -5.546875000 -5.546875000 -5.546875000 -5.546875000 -5.546875000 -5.546875000 -5.546875000 -4.160156250 -3.347656250 -2.773437500 -2.656250000 -2.601562500 -2.835937500 -3.464843750 -5.546875000 -5.546875000 -5.546875000 -5.546875000 -5.546875000 -4.160156250 -2.410156250 
-4.445312500 -4.160156250 -3.937500000 -4.160156250 -4.160156250 -3.937500000 -3.937500000 -3.937500000 -4.445312500 -4.445312500 -4.160156250 -4.160156250 -4.851562500 -5.546875000 -5.546875000 -5.546875000 -5.546875000 -5.546875000 -5.546875000 -5.546875000 -5.546875000 -5.546875000 -5.546875000 -5.546875000 -5.546875000 -5.546875000 -5.546875000 -5.546875000 -4.160156250 -3.347656250 -2.773437500 -2.656250000 -2.601562500 -2.835937500 -3.464843750 -5.546875000 -5.546875000 -5.546875000 -5.546875000 -5.546875000 -4.160156250 -2.410156250 
-4.445312500 -4.160156250 -3.937500000 -4.160156250 -4.160156250 -3.937500000 -3.937500000 -3.937500000 -4.445312500 -4.445312500 -4.160156250 -4.160156250 -4.851562500 -5.546875000 -5.546875000 -5.546875000 -5.546875000 -5.546875000 -5.546875000 -5.546875000 -5.546875000 -5.546875000 -5.546875000 -5.546875000 -5.546875000 -5.546875000 -5.546875000 -5.546875000 -4.160156250 -3.347656250 -2.773437500 -2.656250000 -2.601562500 -2.835937500 -3.464843750 -5.546875000 -5.546875000 -5.546875000 -5.546875000 -5.546875000 -4.160156250 -2.410156250 
-5.546875000 -5.546875000 -5.546875000 -5.546875000 -5.546875000 -5.546875000 -5.546875000 -5.546875000 -5.546875000 -5.546875000 -5.546875000 -5.546875000 -5.546875000 -5.546875000 -5.546875000 -5.546875000 -5.546875000 -5.546875000 -5.546875000 -5.546875000 -5.546875000 -5.546875000 -5.546875000 -5.546875000 -5.546875000 -5.546875000 -5.546875000 -5.546875000 -5.546875000 -5.546875000 -5.546875000 -5.546875000 -5.546875000 -5.546875000 -5.546875000 -5.546875000 -5.546875000 -5.546875000 -5.546875000 -5.546875000 -5.546875000 -5.546875000 
-5.546875000 -5.546875000 -5.546875000 -5.546875000 -5.546875000 -5.546875000 -5.546875000 -5.546875000 -5.546875000 -5.546875000 -5.546875000 -5.546875000 -5.546875000 -5.546875000 -5.546875000 -5.546875000 -5.546875000 -5.546875000 -5.546875000 -5.546875000 -5.546875000 -5.546875000 -5.546875000 -5.546875000 -5.546875000 -5.546875000 -5.546875000 -5.546875000 -5.546875000 -5.546875000 -5.546875000 -5.546875000 -5.546875000 -5.546875000 -5.546875000 -5.546875000 -5.546875000 -5.546875000 -5.546875000 -5.546875000 -5.546875000 -5.546875000 
-5.546875000 -5.546875000 -5.546875000 -5.546875000 -5.546875000 -5.546875000 -5.546875000 -5.546875000 -5.546875000 -5.546875000 -5.546875000 -5.546875000 -5.546875000 -5.546875000 -5.546875000 -5.546875000 -5.546875000 -5.546875000 -5.546875000 -5.546875000 -5.546875000 -5.546875000 -5.546875000 -5.546875000 -5.546875000 -5.546875000 -5.546875000 -5.546875000 -5.546875000 -5.546875000 -5.546875000 -5.546875000 -5.546875000 -5.546875000 -5.546875000 -5.546875000 -5.546875000 -5.546875000 -5.546875000 -5.546875000 -5.546875000 -5.546875000 
-5.546875000 -5.546875000 -5.546875000 -5.546875000 -5.546875000 -5.546875000 -5.546875000 -5.546875000 -5.546875000 -5.546875000 -5.546875000 -5.546875000 -5.546875000 -5.546875000 -5.546875000 -5.546875000 -5.546875000 -5.546875000 -5.546875000 -5.546875000 -5.546875000 -5.546875000 -5.546875000 -5.546875000 -5.546875000 -5.546875000 -5.546875000 -5.546875000 -5.546875000 -5.546875000 -5.546875000 -5.546875000 -5.546875000 -5.546875000 -5.546875000 -5.546875000 -5.546875000 -5.546875000 -5.546875000 -5.546875000 -5.546875000 -5.546875000 
-4.445312500 -4.160156250 -3.937500000 -4.160156250 -4.160156250 -3.937500000 -3.937500000 -3.937500000 -3.753906250 -3.753906250 -3.753906250 -3.753906250 -3.597656250 -3.597656250 -3.597656250 -3.464843750 -3.464843750 -3.347656250 -3.347656250 -3.347656250 -3.242187500 -3.597656250 -3.753906250 -3.753906250 -3.597656250 -3.597656250 -3.464843750 -3.464843750 -3.464843750 -4.160156250 -5.546875000 -5.546875000 -5.546875000 -5.546875000 -5.546875000 -5.546875000 -5.546875000 -5.546875000 -5.546875000 -5.546875000 -5.546875000 -5.546875000 
-3.597656250 -3.597656250 -3.464843750 -3.937500000 -3.464843750 -3.464843750 -3.464843750 -3.597656250 -3.058593750 -3.242187500 -3.347656250 -3.148437500 -3.242187500 -3.148437500 -3.058593750 -3.242187500 -2.906250000 -2.980468750 -3.148437500 -2.835937500 -3.058593750 -3.058593750 -2.906250000 -3.148437500 -3.148437500 -2.980468750 -3.148437500 -3.242187500 -3.597656250 -3.464843750 -3.597656250 -3.937500000 -3.937500000 -3.937500000 -4.445312500 -3.597656250 -3.937500000 -3.464843750 -3.464843750 -3.464843750 -3.464843750 -3.464843750 
-4.160156250 -3.347656250 -3.148437500 -3.937500000 -2.710937500 -2.328125000 -2.550781250 -2.835937500 -2.601562500 -2.980468750 -3.058593750 -3.058593750 -2.773437500 -2.601562500 -2.500000000 -2.410156250 -2.710937500 -2.453125000 -2.601562500 -2.144531250 -1.855468750 -2.144531250 -2.453125000 -2.500000000 -2.500000000 -2.144531250 -2.656250000 -2.328125000 -2.285156250 -2.710937500 -2.601562500 -2.250000000 -3.347656250 -3.753906250 -3.464843750 -3.464843750 -3.347656250 -2.980468750 -3.242187500 -2.835937500 -2.550781250 -2.144531250 
-3.242187500 -3.148437500 -2.980468750 -2.980468750 -1.855468750 -1.214843750 -2.179687500 -2.835937500 -2.601562500 -2.773437500 -3.058593750 -2.906250000 -2.906250000 -2.835937500 -2.109375000 -2.214843750 -2.019531250 -2.109375000 -2.144531250 -1.593750000 -1.089843750 -2.410156250 -2.078125000 -2.285156250 -1.433593750 -1.738281250 -2.179687500 -1.933593750 -2.179687500 -2.500000000 -2.078125000 -2.109375000 -2.710937500 -1.933593750 -2.144531250 -1.960937500 -1.906250000 -2.019531250 -2.285156250 -2.179687500 -1.933593750 -1.855468750 
-2.773437500 -2.773437500 -2.980468750 -2.710937500 -1.675781250 -1.226562500 -1.539062500 -2.214843750 -1.785156250 -2.500000000 -2.906250000 -2.835937500 -2.710937500 -2.601562500 -1.203125000 -1.417968750 -1.832031250 -1.714843750 -1.632812500 -1.312500000 -0.800781250 -2.285156250 -1.613281250 -2.019531250 -1.226562500 -1.371093750 -1.695312500 -1.882812500 -1.906250000 -2.214843750 -2.046875000 -1.933593750 -2.144531250 -1.714843750 -2.250000000 -1.675781250 -1.613281250 -1.593750000 -1.855468750 -1.761718750 -1.574218750 -1.355468750 
-3.148437500 -2.601562500 -2.906250000 -2.250000000 -1.242187500 -0.332031250 -0.546875000 -1.468750000 -1.933593750 -2.285156250 -2.835937500 -2.656250000 -2.906250000 -1.988281250 -0.742187500 -1.203125000 -1.613281250 -1.417968750 -1.152343750 -0.765625000 -0.570312500 -1.906250000 -1.468750000 -1.695312500 -1.242187500 -1.203125000 -1.574218750 -1.632812500 -1.675781250 -2.046875000 -1.882812500 -1.988281250 -1.988281250 -1.632812500 -2.109375000 -1.593750000 -1.386718750 -1.417968750 -1.761718750 -1.519531250 -1.371093750 -1.355468750 
-2.710937500 -2.656250000 -3.464843750 -2.144531250 -1.312500000 -0.203125000 -0.464843750 -1.593750000 -1.554687500 -2.109375000 -2.550781250 -2.656250000 -2.601562500 -1.632812500 -0.675781250 -0.871093750 -1.449218750 -1.242187500 -0.992187500 -0.726562500 -0.414062500 -1.449218750 -1.054687500 -1.519531250 -1.433593750 -1.226562500 -1.386718750 -1.761718750 -1.855468750 -2.046875000 -1.933593750 -1.593750000 -1.738281250 -1.613281250 -2.285156250 -1.675781250 -1.312500000 -1.519531250 -1.675781250 -1.503906250 -1.152343750 -1.226562500 
-3.242187500 -2.980468750 -2.367187500 -1.714843750 -0.742187500 0.152343750 -0.375000000 -1.468750000 -1.738281250 -2.285156250 -2.410156250 -2.109375000 -2.214843750 -1.652343750 -0.742187500 -1.054687500 -0.980468750 -1.269531250 -0.757812500 -0.855468750 -0.351562500 -1.417968750 -1.089843750 -1.468750000 -1.417968750 -1.281250000 -1.761718750 -2.046875000 -1.738281250 -1.695312500 -1.785156250 -1.574218750 -1.808593750 -1.632812500 -1.808593750 -1.539062500 -1.253906250 -1.417968750 -1.632812500 -1.386718750 -1.312500000 -1.402343750 
-2.906250000 -1.906250000 -2.285156250 -1.988281250 -0.597656250 -0.050781250 -0.351562500 -1.593750000 -1.882812500 -2.250000000 -2.773437500 -1.906250000 -1.695312500 -1.906250000 -1.226562500 -1.164062500 -0.941406250 -0.929687500 -0.902343750 -0.734375000 -0.222656250 -1.339843750 -1.203125000 -1.214843750 -1.554687500 -1.175781250 -1.574218750 -1.808593750 -1.519531250 -1.554687500 -1.613281250 -1.613281250 -1.714843750 -1.574218750 -1.484375000 -1.484375000 -1.339843750 -1.242187500 -1.593750000 -1.355468750 -1.175781250 -1.355468750 
-2.773437500 -2.285156250 -1.960937500 -1.882812500 -0.632812500 -0.046875000 -0.402343750 -1.417968750 -1.714843750 -1.933593750 -2.109375000 -1.714843750 -1.402343750 -1.242187500 -1.035156250 -1.808593750 -1.000000000 -1.113281250 -1.089843750 -0.816406250 -0.304687500 -1.035156250 -1.101562500 -1.675781250 -1.593750000 -1.054687500 -1.714843750 -1.468750000 -1.632812500 -1.468750000 -1.632812500 -1.808593750 -1.652343750 -1.593750000 -1.433593750 -1.371093750 -1.312500000 -1.226562500 -1.468750000 -1.253906250 -1.242187500 -1.312500000 
-2.179687500 -2.453125000 -1.355468750 -1.613281250 -0.890625000 -0.425781250 -0.468750000 -1.011718750 -1.402343750 -1.761718750 -1.554687500 -1.539062500 -1.281250000 -1.242187500 -1.089843750 -1.449218750 -1.281250000 -0.664062500 -0.828125000 -0.671875000 -0.187500000 -1.125000000 -1.503906250 -1.695312500 -1.253906250 -0.800781250 -1.402343750 -1.324218750 -1.484375000 -1.203125000 -1.675781250 -1.675781250 -1.675781250 -1.468750000 -1.113281250 -1.355468750 -1.312500000 -1.324218750 -1.386718750 -1.281250000 -1.113281250 -1.386718750 
-0.257812500 0.625000000 1.566406250 1.785156250 1.765625000 2.039062500 2.285156250 1.867187500 0.847656250 0.136718750 0.492187500 0.160156250 -0.375000000 -0.390625000 -0.246093750 -0.335937500 -0.468750000 -0.308593750 -0.535156250 -0.164062500 0.000000000 -0.757812500 -0.757812500 -0.828125000 -0.453125000 -0.339843750 -0.921875000 -0.589843750 -0.597656250 -0.691406250 -0.992187500 -0.765625000 -0.625000000 -0.597656250 -0.707031250 -0.718750000 -0.542968750 -0.546875000 -0.464843750 -0.386718750 -0.468750000 -0.347656250 
1.039062500 1.855468750 1.960937500 2.378906250 2.074218750 2.683593750 2.417968750 1.921875000 0.859375000 0.671875000 0.589843750 -0.546875000 -0.781250000 -0.980468750 -1.324218750 -1.000000000 -1.035156250 -0.562500000 -0.992187500 -0.750000000 -0.320312500 -0.968750000 -1.101562500 -1.035156250 -1.035156250 -0.800781250 -1.402343750 -0.992187500 -1.355468750 -1.101562500 -0.968750000 -1.066406250 -1.164062500 -1.402343750 -1.652343750 -1.554687500 -1.402343750 -1.281250000 -1.113281250 -0.816406250 -0.921875000 -1.164062500 
1.441406250 2.539062500 2.203125000 2.546875000 1.898437500 2.949218750 2.574218750 1.992187500 0.785156250 1.125000000 0.824218750 0.007812500 -0.179687500 -0.390625000 -0.351562500 -0.324218750 -0.949218750 -0.410156250 -0.242187500 -0.277343750 -0.046875000 -0.289062500 -0.386718750 -0.414062500 -0.179687500 -0.496093750 -0.496093750 -0.375000000 -0.500000000 -0.484375000 -0.542968750 -0.296875000 -0.390625000 -0.535156250 -0.691406250 -0.484375000 -0.664062500 -0.605468750 -0.445312500 -0.296875000 -0.261718750 -0.437500000 
2.375000000 2.894531250 2.171875000 2.621093750 2.367187500 3.097656250 2.347656250 2.199218750 1.125000000 1.062500000 0.726562500 0.156250000 -0.199218750 -0.097656250 -0.453125000 -0.507812500 -0.535156250 -0.625000000 -0.855468750 -0.445312500 -0.671875000 -1.187500000 -1.386718750 -1.023437500 -0.843750000 -1.046875000 -1.136718750 -0.500000000 -0.992187500 -1.101562500 -0.535156250 -0.855468750 -1.187500000 -1.203125000 -1.574218750 -1.433593750 -1.484375000 -1.449218750 -1.226562500 -1.125000000 -1.089843750 -1.054687500 
2.347656250 3.042968750 2.519531250 2.699218750 2.257812500 3.179687500 2.558593750 2.113281250 1.492187500 1.074218750 1.109375000 0.535156250 0.640625000 0.515625000 0.320312500 0.308593750 0.226562500 0.156250000 -0.089843750 -0.031250000 -0.003906250 0.074218750 -0.011718750 0.105468750 0.027343750 -0.003906250 -0.027343750 0.121093750 -0.117187500 -0.148437500 -0.046875000 -0.085937500 -0.039062500 -0.066406250 -0.070312500 -0.019531250 -0.007812500 0.019531250 0.027343750 0.097656250 0.070312500 0.093750000 
2.308593750 3.121093750 2.824218750 2.832031250 2.316406250 3.269531250 2.605468750 2.046875000 1.218750000 0.871093750 1.078125000 -0.132812500 0.015625000 -0.027343750 -0.308593750 -0.359375000 -0.718750000 -0.699218750 -0.589843750 -0.457031250 -0.734375000 -1.023437500 -0.765625000 -0.625000000 -0.359375000 -0.992187500 -0.902343750 -0.242187500 -0.542968750 -0.707031250 -0.199218750 -0.871093750 -1.125000000 -1.066406250 -1.371093750 -1.152343750 -1.136718750 -1.023437500 -0.992187500 -0.929687500 -0.882812500 -0.800781250 
2.375000000 3.148437500 2.910156250 2.945312500 2.222656250 3.289062500 2.468750000 2.187500000 1.183593750 1.007812500 1.222656250 0.113281250 0.296875000 -0.179687500 -0.808593750 -1.214843750 -1.101562500 -0.691406250 -0.742187500 -0.656250000 -0.941406250 -1.593750000 -1.613281250 -0.871093750 -0.589843750 -0.992187500 -1.296875000 -0.250000000 -0.773437500 -1.000000000 -0.351562500 -0.890625000 -1.808593750 -1.371093750 -1.417968750 -1.675781250 -1.554687500 -1.593750000 -1.593750000 -1.187500000 -1.324218750 -1.339843750 
2.417968750 3.179687500 2.886718750 3.031250000 2.257812500 3.324218750 2.625000000 2.343750000 1.476562500 1.109375000 1.523437500 0.457031250 0.386718750 0.136718750 0.308593750 0.250000000 0.199218750 0.085937500 -0.175781250 -0.074218750 -0.003906250 -0.210937500 -0.207031250 -0.054687500 -0.078125000 -0.359375000 -0.335937500 0.089843750 0.054687500 -0.140625000 -0.105468750 -0.152343750 -0.375000000 -0.332031250 -0.246093750 -0.183593750 -0.117187500 -0.175781250 -0.105468750 -0.117187500 -0.085937500 -0.089843750 
2.453125000 3.230468750 2.867187500 3.093750000 2.273437500 3.414062500 2.960937500 2.554687500 1.414062500 1.464843750 1.464843750 0.613281250 0.761718750 -0.019531250 -0.339843750 -0.320312500 -0.375000000 -0.402343750 -0.183593750 -0.011718750 -0.027343750 -0.226562500 -0.296875000 -0.140625000 0.140625000 -0.246093750 -0.175781250 0.324218750 0.023437500 0.062500000 0.085937500 -0.089843750 -0.113281250 -0.046875000 0.015625000 -0.007812500 -0.050781250 0.078125000 -0.042968750 0.148437500 0.140625000 0.175781250 
2.742187500 3.296875000 2.625000000 3.113281250 2.531250000 3.542968750 3.175781250 2.988281250 1.851562500 1.535156250 2.113281250 1.492187500 1.503906250 1.550781250 1.488281250 1.390625000 1.257812500 1.261718750 1.203125000 1.152343750 1.109375000 1.093750000 1.082031250 1.023437500 0.937500000 0.960937500 0.898437500 1.058593750 1.058593750 1.101562500 1.085937500 1.031250000 1.015625000 1.062500000 1.039062500 1.046875000 1.058593750 1.089843750 1.109375000 1.128906250 1.167968750 1.207031250 
3.109375000 3.355468750 2.054687500 3.160156250 3.019531250 3.644531250 3.058593750 3.453125000 2.449218750 1.878906250 2.175781250 1.859375000 1.292968750 0.667968750 0.406250000 0.367187500 0.371093750 0.503906250 0.414062500 0.382812500 0.296875000 0.125000000 0.066406250 0.296875000 0.640625000 0.761718750 0.507812500 0.867187500 0.339843750 0.375000000 0.574218750 0.210937500 0.062500000 0.062500000 0.125000000 0.113281250 0.183593750 0.187500000 0.140625000 0.101562500 0.214843750 0.230468750 
3.058593750 3.382812500 2.281250000 3.246093750 3.105468750 3.664062500 3.191406250 3.828125000 2.765625000 2.234375000 2.277343750 2.078125000 1.675781250 0.835937500 0.968750000 1.066406250 0.996093750 0.941406250 0.882812500 0.917968750 0.812500000 0.785156250 0.683593750 0.812500000 1.160156250 1.246093750 0.714843750 1.433593750 1.355468750 0.937500000 1.367187500 1.222656250 1.003906250 0.941406250 0.933593750 0.917968750 0.984375000 1.007812500 0.949218750 1.015625000 1.054687500 1.082031250 
2.750000000 3.394531250 2.671875000 3.402343750 3.347656250 3.718750000 3.074218750 4.125000000 2.746093750 2.070312500 1.941406250 2.148437500 1.890625000 2.109375000 1.664062500 0.832031250 0.464843750 0.464843750 0.015625000 0.003906250 -0.011718750 -0.207031250 -0.265625000 0.464843750 1.269531250 1.296875000 0.753906250 1.843750000 1.671875000 1.175781250 1.480468750 0.218750000 -0.445312500 -0.363281250 -0.402343750 -0.546875000 -0.605468750 -0.597656250 -0.617187500 -0.589843750 -0.632812500 -0.625000000 
2.902343750 3.390625000 2.628906250 3.386718750 3.160156250 3.640625000 2.917968750 4.265625000 2.746093750 2.414062500 1.816406250 2.277343750 2.421875000 2.636718750 1.980468750 0.992187500 0.906250000 0.773437500 0.726562500 0.648437500 0.554687500 0.546875000 0.523437500 0.925781250 1.640625000 1.933593750 1.316406250 2.324218750 1.832031250 1.523437500 1.800781250 0.640625000 0.171875000 0.183593750 0.296875000 0.351562500 0.320312500 0.339843750 0.308593750 0.464843750 0.445312500 0.546875000 
2.753906250 3.355468750 2.546875000 3.304687500 2.925781250 3.503906250 3.218750000 4.296875000 3.062500000 2.609375000 1.722656250 2.382812500 2.578125000 2.851562500 2.546875000 1.695312500 1.226562500 1.179687500 1.171875000 1.167968750 1.156250000 1.148437500 1.167968750 1.355468750 2.394531250 2.253906250 1.511718750 2.722656250 2.394531250 1.921875000 2.007812500 0.761718750 0.328125000 0.429687500 0.503906250 0.558593750 0.589843750 0.582031250 0.703125000 0.718750000 0.742187500 0.777343750 
2.652343750 3.324218750 2.511718750 3.234375000 2.464843750 3.160156250 2.816406250 4.304687500 3.757812500 2.312500000 2.238281250 2.316406250 2.699218750 3.320312500 2.734375000 1.292968750 1.175781250 1.222656250 1.195312500 1.277343750 1.250000000 1.265625000 1.312500000 1.417968750 2.390625000 2.789062500 1.878906250 2.835937500 2.761718750 2.003906250 2.269531250 1.371093750 1.273437500 1.195312500 1.214843750 1.218750000 1.265625000 1.265625000 1.265625000 1.308593750 1.371093750 1.410156250 
2.898437500 3.250000000 2.632812500 3.218750000 2.585937500 3.039062500 3.171875000 3.789062500 3.953125000 2.960937500 1.933593750 2.253906250 2.769531250 3.062500000 3.433593750 2.421875000 0.960937500 0.449218750 0.218750000 0.000000000 0.082031250 -0.074218750 0.238281250 0.964843750 2.363281250 2.898437500 2.113281250 2.792968750 2.925781250 2.328125000 2.324218750 1.113281250 -0.097656250 -0.773437500 -1.355468750 -0.929687500 -0.542968750 -0.968750000 -0.765625000 -0.203125000 -1.023437500 -1.281250000 
2.667968750 3.082031250 2.507812500 3.222656250 3.035156250 2.910156250 2.828125000 2.859375000 3.882812500 3.296875000 2.382812500 2.210937500 2.710937500 3.058593750 3.445312500 2.414062500 1.488281250 1.207031250 1.027343750 0.890625000 0.886718750 0.917968750 1.148437500 1.378906250 2.343750000 2.984375000 2.378906250 2.839843750 2.960937500 2.566406250 2.628906250 1.339843750 0.855468750 0.515625000 0.246093750 0.105468750 0.113281250 -0.023437500 -0.132812500 0.171875000 -0.027343750 -0.187500000 
2.566406250 2.867187500 2.109375000 3.152343750 3.089843750 2.882812500 2.531250000 2.863281250 3.890625000 3.367187500 2.816406250 2.144531250 2.371093750 2.351562500 3.238281250 2.890625000 1.304687500 1.250000000 1.187500000 1.062500000 1.027343750 1.074218750 1.050781250 1.371093750 2.183593750 3.023437500 2.433593750 2.789062500 2.984375000 2.660156250 2.781250000 1.363281250 0.628906250 0.574218750 0.585937500 0.679687500 0.808593750 0.699218750 0.726562500 0.722656250 0.761718750 0.820312500 
2.542968750 2.714843750 2.085937500 2.949218750 2.925781250 3.117187500 2.875000000 2.699218750 3.609375000 2.960937500 2.687500000 1.917968750 2.195312500 1.960937500 2.984375000 2.769531250 1.941406250 1.066406250 0.714843750 0.582031250 0.359375000 0.257812500 0.359375000 0.867187500 1.730468750 3.042968750 2.453125000 2.667968750 2.976562500 2.699218750 2.753906250 1.265625000 0.300781250 -0.132812500 -0.218750000 -0.191406250 0.410156250 0.261718750 -0.078125000 0.089843750 -0.058593750 0.105468750 
2.023437500 2.585937500 2.031250000 2.523437500 2.769531250 2.796875000 2.863281250 2.882812500 3.113281250 3.035156250 2.511718750 1.636718750 1.867187500 1.757812500 2.472656250 2.789062500 2.222656250 0.941406250 0.535156250 0.226562500 0.000000000 -0.187500000 0.265625000 0.625000000 1.644531250 2.843750000 2.484375000 2.457031250 2.621093750 2.718750000 2.785156250 1.453125000 0.105468750 -0.421875000 -0.941406250 -0.535156250 0.234375000 -0.058593750 -0.546875000 -0.546875000 -0.980468750 -0.800781250 
1.625000000 2.429687500 2.332031250 2.421875000 2.449218750 2.632812500 2.777343750 2.343750000 2.550781250 2.777343750 2.285156250 1.929687500 1.695312500 1.910156250 2.359375000 2.363281250 2.273437500 1.304687500 0.519531250 0.285156250 -0.050781250 -0.277343750 0.160156250 0.378906250 1.144531250 2.554687500 2.367187500 2.394531250 2.558593750 2.753906250 2.753906250 1.281250000 -0.046875000 -0.902343750 -1.539062500 -0.921875000 0.035156250 -0.296875000 -0.960937500 -1.125000000 -1.101562500 -1.000000000 
1.410156250 2.144531250 2.398437500 2.671875000 2.445312500 2.261718750 2.781250000 2.425781250 2.199218750 2.312500000 2.261718750 1.859375000 1.527343750 1.750000000 2.164062500 2.210937500 1.832031250 1.492187500 0.992187500 0.492187500 -0.320312500 -0.187500000 0.148437500 0.414062500 1.042968750 2.238281250 2.367187500 2.050781250 2.320312500 2.453125000 2.437500000 1.445312500 0.582031250 0.222656250 -0.136718750 -0.226562500 -0.121093750 -0.507812500 -0.546875000 -0.484375000 -0.433593750 -0.671875000 
1.812500000 1.933593750 2.406250000 2.644531250 2.589843750 2.324218750 2.187500000 2.191406250 2.214843750 2.093750000 2.226562500 1.484375000 1.582031250 1.714843750 1.648437500 1.683593750 1.621093750 1.730468750 0.988281250 0.437500000 0.484375000 0.359375000 0.445312500 0.429687500 0.730468750 1.925781250 2.050781250 2.031250000 2.089843750 2.250000000 2.101562500 1.128906250 0.421875000 0.273437500 0.218750000 0.121093750 0.066406250 0.148437500 0.234375000 0.261718750 0.246093750 0.335937500 
1.863281250 1.921875000 2.414062500 2.152343750 2.414062500 2.296875000 2.035156250 2.054687500 2.039062500 2.238281250 1.652343750 1.281250000 1.625000000 1.449218750 1.445312500 1.296875000 1.421875000 1.812500000 1.164062500 0.292968750 0.238281250 -0.562500000 0.003906250 0.187500000 0.484375000 1.703125000 2.117187500 2.222656250 2.152343750 2.140625000 2.066406250 0.867187500 -0.339843750 -0.574218750 -0.507812500 -0.453125000 -0.445312500 -0.367187500 -0.304687500 -0.421875000 -0.363281250 -0.179687500 
1.269531250 2.074218750 2.441406250 1.714843750 2.406250000 1.964843750 2.394531250 2.128906250 2.085937500 2.164062500 1.347656250 1.464843750 1.609375000 1.464843750 1.707031250 1.343750000 1.292968750 1.933593750 1.246093750 0.296875000 0.253906250 -0.734375000 0.195312500 0.265625000 0.417968750 1.574218750 2.269531250 2.511718750 2.289062500 2.171875000 2.058593750 0.796875000 -0.339843750 -1.125000000 -1.214843750 -1.066406250 -1.269531250 -1.035156250 -1.101562500 -1.175781250 -1.269531250 -0.890625000 
1.375000000 1.636718750 2.386718750 1.312500000 1.847656250 2.058593750 1.925781250 2.269531250 1.976562500 1.906250000 1.042968750 1.136718750 1.167968750 1.339843750 1.132812500 0.835937500 0.945312500 1.773437500 1.027343750 0.546875000 0.242187500 -0.699218750 0.136718750 0.328125000 -0.222656250 1.132812500 2.246093750 2.460937500 2.210937500 1.976562500 2.007812500 0.789062500 -0.562500000 -1.324218750 -1.449218750 -1.281250000 -1.296875000 -1.000000000 -1.000000000 -1.164062500 -1.164062500 -1.035156250 
1.402343750 1.500000000 2.304687500 1.343750000 2.078125000 2.234375000 1.996093750 1.906250000 1.718750000 1.359375000 1.000000000 0.792968750 0.726562500 0.707031250 0.757812500 0.417968750 0.734375000 1.371093750 0.843750000 -0.039062500 0.011718750 -0.609375000 0.195312500 0.421875000 0.253906250 1.308593750 2.070312500 2.269531250 1.742187500 1.464843750 1.906250000 0.738281250 -0.699218750 -1.242187500 -1.113281250 -1.203125000 -0.960937500 -0.929687500 -0.929687500 -0.960937500 -0.968750000 -0.718750000 
1.687500000 1.253906250 2.156250000 1.949218750 1.761718750 2.011718750 1.863281250 1.960937500 0.980468750 0.042968750 -0.226562500 0.332031250 0.429687500 0.621093750 0.515625000 0.324218750 0.550781250 0.839843750 0.183593750 -0.042968750 -0.542968750 -0.863281250 -0.023437500 0.101562500 -0.277343750 1.046875000 1.730468750 1.265625000 0.738281250 1.097656250 1.722656250 0.621093750 -0.816406250 -0.992187500 -0.882812500 -0.781250000 -0.929687500 -1.054687500 -0.855468750 -0.800781250 -0.691406250 -0.718750000 
1.320312500 1.828125000 1.894531250 2.089843750 1.597656250 1.785156250 1.773437500 1.511718750 0.984375000 0.554687500 -0.066406250 -0.320312500 -0.230468750 -0.070312500 0.152343750 -0.085937500 0.476562500 0.187500000 -0.023437500 -0.312500000 -0.542968750 -0.855468750 -0.496093750 -0.199218750 -0.222656250 0.820312500 1.144531250 0.750000000 0.507812500 0.558593750 1.011718750 0.437500000 -0.968750000 -1.136718750 -1.164062500 -1.113281250 -0.968750000 -1.046875000 -0.902343750 -1.046875000 -0.890625000 -0.718750000 
1.113281250 2.117187500 2.164062500 2.105468750 1.640625000 1.050781250 1.671875000 1.578125000 0.765625000 0.421875000 -0.148437500 -0.386718750 -0.164062500 -0.519531250 -0.019531250 -0.007812500 0.281250000 0.113281250 0.070312500 -0.265625000 -0.773437500 -0.843750000 -0.562500000 -0.527343750 -0.488281250 0.285156250 0.609375000 0.527343750 0.250000000 0.308593750 0.687500000 0.480468750 -0.320312500 -0.617187500 -0.648437500 -0.683593750 -0.664062500 -0.582031250 -0.625000000 -0.656250000 -0.617187500 -0.421875000 
1.464843750 2.164062500 2.277343750 2.085937500 1.359375000 1.363281250 1.265625000 1.542968750 1.175781250 1.058593750 0.285156250 0.246093750 0.351562500 0.273437500 0.539062500 0.558593750 0.390625000 0.425781250 -0.304687500 0.062500000 -0.140625000 -0.105468750 -0.359375000 -0.156250000 0.199218750 0.296875000 0.371093750 0.312500000 0.382812500 0.367187500 0.066406250 -0.750000000 -0.468750000 -0.562500000 -0.457031250 -0.632812500 -0.535156250 -0.433593750 -0.359375000 -0.273437500 -0.222656250 -0.246093750 
1.328125000 2.218750000 2.097656250 2.113281250 1.464843750 1.363281250 0.785156250 0.765625000 -0.179687500 -0.132812500 -0.605468750 -1.113281250 -0.386718750 -0.476562500 -0.425781250 -0.113281250 0.101562500 0.308593750 -0.324218750 -0.765625000 -0.980468750 -1.339843750 -1.203125000 -1.023437500 -0.457031250 -0.082031250 -0.359375000 -0.250000000 0.003906250 -0.039062500 -0.589843750 -1.164062500 -1.175781250 -1.078125000 -1.417968750 -1.339843750 -1.386718750 -1.187500000 -0.992187500 -1.214843750 -0.921875000 -0.921875000 
1.484375000 2.214843750 2.343750000 1.535156250 1.253906250 1.746093750 1.152343750 0.859375000 0.054687500 -0.050781250 -0.582031250 -0.410156250 -0.625000000 -0.527343750 -0.707031250 -0.066406250 0.156250000 0.253906250 -0.058593750 -0.410156250 -0.484375000 -0.773437500 -0.902343750 -0.792968750 -0.726562500 -0.218750000 -0.324218750 -0.617187500 -0.156250000 -0.207031250 -0.808593750 -1.101562500 -0.863281250 -0.949218750 -1.054687500 -1.152343750 -1.054687500 -0.980468750 -0.941406250 -0.910156250 -0.671875000 -0.691406250 
1.207031250 2.453125000 1.664062500 0.136718750 0.765625000 1.175781250 0.273437500 0.078125000 -0.019531250 -0.542968750 -1.402343750 -1.554687500 -1.214843750 -0.855468750 -0.816406250 -0.562500000 -0.152343750 -0.046875000 -1.253906250 -1.882812500 -1.808593750 -1.882812500 -2.109375000 -1.503906250 -1.281250000 -0.468750000 -0.515625000 -0.960937500 -0.292968750 -0.332031250 -0.808593750 -1.386718750 -1.613281250 -1.386718750 -1.593750000 -1.695312500 -1.519531250 -1.519531250 -1.203125000 -1.089843750 -1.125000000 -1.113281250 
1.394531250 2.425781250 1.679687500 0.539062500 0.726562500 1.164062500 -0.261718750 0.339843750 0.207031250 -0.335937500 -0.074218750 -0.351562500 -0.363281250 -0.699218750 -0.375000000 -0.230468750 0.062500000 0.003906250 -0.882812500 -0.871093750 -0.816406250 -0.792968750 -0.750000000 -0.816406250 -0.605468750 -0.410156250 -0.390625000 -0.921875000 -0.882812500 -0.773437500 -1.035156250 -1.078125000 -0.835937500 -1.152343750 -1.164062500 -0.949218750 -0.843750000 -0.968750000 -0.863281250 -0.929687500 -0.800781250 -0.519531250 
1.218750000 1.972656250 1.648437500 1.175781250 1.097656250 1.066406250 -0.058593750 0.246093750 0.054687500 -0.320312500 -0.187500000 -0.332031250 -0.476562500 -0.324218750 -0.230468750 -0.515625000 -0.339843750 -0.121093750 -0.816406250 -0.992187500 -0.750000000 -0.835937500 -0.863281250 -0.902343750 -0.808593750 -0.496093750 -0.238281250 -0.476562500 -0.792968750 -1.066406250 -0.921875000 -0.910156250 -0.843750000 -0.816406250 -0.968750000 -0.781250000 -0.828125000 -0.625000000 -0.589843750 -0.757812500 -0.648437500 -0.625000000 
1.054687500 1.167968750 0.476562500 0.839843750 0.457031250 0.785156250 0.140625000 -0.117187500 -0.648437500 -0.871093750 -0.527343750 -0.808593750 -0.664062500 -0.882812500 -1.046875000 -0.902343750 -0.890625000 -0.500000000 -1.101562500 -1.035156250 -1.011718750 -1.402343750 -1.089843750 -1.175781250 -0.792968750 -0.574218750 -0.734375000 -1.113281250 -0.960937500 -1.203125000 -1.324218750 -1.312500000 -1.046875000 -1.324218750 -1.136718750 -1.136718750 -1.226562500 -1.152343750 -0.921875000 -0.941406250 -0.808593750 -0.699218750 
0.546875000 1.304687500 1.015625000 0.730468750 0.136718750 0.355468750 -0.570312500 -0.750000000 -0.625000000 -0.675781250 -1.695312500 -2.046875000 -1.882812500 -1.761718750 -0.890625000 -0.968750000 -0.792968750 -0.949218750 -1.906250000 -1.882812500 -1.882812500 -2.179687500 -1.906250000 -1.785156250 -1.593750000 -0.750000000 -0.929687500 -1.371093750 -1.089843750 -1.242187500 -1.296875000 -1.632812500 -1.386718750 -1.785156250 -1.433593750 -1.738281250 -1.808593750 -1.539062500 -1.417968750 -1.519531250 -1.468750000 -1.152343750 
0.335937500 1.273437500 0.777343750 0.652343750 0.082031250 0.062500000 -1.136718750 -0.367187500 -0.808593750 -0.902343750 -1.933593750 -2.250000000 -2.980468750 -1.738281250 -1.187500000 -1.468750000 -1.187500000 -1.253906250 -1.988281250 -2.285156250 -2.250000000 -2.250000000 -2.046875000 -2.046875000 -1.785156250 -0.816406250 -0.960937500 -1.312500000 -1.136718750 -1.402343750 -1.253906250 -1.785156250 -1.738281250 -1.808593750 -1.613281250 -1.906250000 -1.539062500 -1.632812500 -1.312500000 -1.433593750 -1.253906250 -1.242187500 
-0.238281250 1.125000000 0.777343750 0.164062500 0.062500000 -0.140625000 -0.648437500 -0.238281250 -1.152343750 -1.269531250 -1.738281250 -2.773437500 -2.710937500 -1.785156250 -1.761718750 -1.808593750 -1.242187500 -1.593750000 -2.328125000 -2.656250000 -2.367187500 -2.078125000 -2.285156250 -2.179687500 -1.761718750 -0.902343750 -0.882812500 -1.324218750 -1.125000000 -1.386718750 -1.503906250 -1.882812500 -1.832031250 -1.632812500 -1.652343750 -1.714843750 -1.484375000 -1.738281250 -1.433593750 -1.417968750 -1.339843750 -1.371093750 
-0.292968750 0.890625000 0.687500000 0.000000000 -0.320312500 -0.707031250 -1.011718750 -0.339843750 -1.046875000 -1.539062500 -2.078125000 -2.410156250 -2.500000000 -1.855468750 -1.433593750 -2.109375000 -1.296875000 -1.468750000 -2.250000000 -2.710937500 -2.367187500 -2.179687500 -2.453125000 -2.214843750 -1.808593750 -1.011718750 -1.187500000 -1.253906250 -1.253906250 -1.882812500 -1.519531250 -1.933593750 -1.554687500 -1.855468750 -1.519531250 -1.593750000 -1.402343750 -1.808593750 -1.355468750 -1.339843750 -1.371093750 -1.386718750 
-1.355468750 0.589843750 0.820312500 -0.175781250 -0.570312500 -0.750000000 -1.054687500 -0.359375000 -1.136718750 -1.417968750 -1.632812500 -1.988281250 -2.214843750 -1.785156250 -1.484375000 -1.988281250 -1.613281250 -1.386718750 -2.109375000 -2.500000000 -2.214843750 -2.285156250 -2.550781250 -2.046875000 -1.632812500 -1.433593750 -1.214843750 -1.503906250 -1.355468750 -1.832031250 -1.785156250 -1.675781250 -1.613281250 -2.046875000 -1.695312500 -1.675781250 -1.675781250 -1.695312500 -1.449218750 -1.519531250 -1.632812500 -1.339843750 
-1.433593750 0.585937500 0.679687500 -0.078125000 -0.500000000 -1.078125000 -0.941406250 -0.718750000 -1.078125000 -1.613281250 -1.785156250 -2.710937500 -2.601562500 -1.519531250 -1.574218750 -1.960937500 -1.449218750 -1.519531250 -2.144531250 -2.367187500 -2.601562500 -2.214843750 -2.109375000 -2.144531250 -1.832031250 -2.046875000 -1.933593750 -1.738281250 -1.785156250 -2.046875000 -2.078125000 -1.832031250 -1.785156250 -2.250000000 -1.882812500 -1.933593750 -2.109375000 -1.855468750 -1.808593750 -1.785156250 -1.652343750 -1.613281250 
-1.906250000 0.390625000 0.246093750 -0.742187500 -0.691406250 -1.355468750 -1.113281250 -0.843750000 -1.468750000 -1.484375000 -1.695312500 -2.835937500 -3.058593750 -1.785156250 -1.714843750 -2.410156250 -1.539062500 -1.484375000 -2.046875000 -2.710937500 -2.500000000 -2.367187500 -2.078125000 -1.632812500 -1.761718750 -2.019531250 -1.832031250 -1.933593750 -1.906250000 -1.988281250 -2.179687500 -1.808593750 -1.832031250 -2.710937500 -2.078125000 -2.214843750 -2.046875000 -1.960937500 -2.144531250 -1.960937500 -2.046875000 -1.882812500 
-1.785156250 0.417968750 0.117187500 -0.605468750 -0.882812500 -1.125000000 -1.449218750 -1.574218750 -1.855468750 -1.855468750 -2.285156250 -2.710937500 -2.980468750 -2.250000000 -1.906250000 -2.453125000 -1.882812500 -1.855468750 -2.046875000 -2.601562500 -2.078125000 -2.179687500 -2.144531250 -1.855468750 -1.882812500 -1.960937500 -1.933593750 -1.882812500 -2.019531250 -2.285156250 -2.144531250 -2.179687500 -1.988281250 -2.710937500 -2.144531250 -2.144531250 -1.933593750 -2.078125000 -2.179687500 -2.019531250 -2.179687500 -1.988281250 
-1.011718750 0.492187500 0.199218750 -0.542968750 -1.281250000 -1.187500000 -1.339843750 -1.738281250 -1.761718750 -1.906250000 -2.078125000 -2.367187500 -2.019531250 -1.855468750 -1.882812500 -1.785156250 -1.832031250 -1.808593750 -2.500000000 -2.550781250 -1.882812500 -1.960937500 -2.453125000 -1.808593750 -1.761718750 -1.832031250 -1.882812500 -2.046875000 -1.785156250 -2.109375000 -1.988281250 -2.367187500 -1.906250000 -2.410156250 -1.988281250 -2.019531250 -1.761718750 -2.109375000 -2.144531250 -2.046875000 -2.078125000 -2.144531250 
-1.089843750 0.382812500 0.367187500 -1.402343750 -0.929687500 -0.980468750 -1.554687500 -1.503906250 -1.906250000 -2.109375000 -2.109375000 -2.285156250 -2.285156250 -1.960937500 -1.808593750 -1.855468750 -1.832031250 -1.906250000 -2.500000000 -2.656250000 -1.933593750 -2.078125000 -2.656250000 -2.367187500 -1.988281250 -2.046875000 -2.019531250 -1.960937500 -2.078125000 -2.550781250 -2.250000000 -2.410156250 -2.285156250 -2.656250000 -2.019531250 -2.214843750 -1.906250000 -2.500000000 -2.328125000 -2.285156250 -1.906250000 -2.250000000 
-1.269531250 -0.113281250 0.125000000 -1.164062500 -0.664062500 -0.750000000 -1.519531250 -1.832031250 -2.078125000 -2.453125000 -2.144531250 -2.046875000 -1.808593750 -1.785156250 -1.593750000 -1.960937500 -1.882812500 -1.785156250 -2.179687500 -2.109375000 -1.808593750 -1.832031250 -2.214843750 -2.179687500 -2.144531250 -2.285156250 -1.933593750 -2.144531250 -2.078125000 -2.453125000 -2.285156250 -2.656250000 -2.453125000 -2.550781250 -2.144531250 -2.250000000 -2.019531250 -2.710937500 -2.328125000 -1.960937500 -2.179687500 -2.214843750 
-1.906250000 -0.261718750 -0.390625000 -0.992187500 -0.468750000 -0.980468750 -2.250000000 -2.500000000 -2.285156250 -2.179687500 -2.550781250 -2.500000000 -1.906250000 -1.832031250 -1.632812500 -1.632812500 -1.855468750 -1.933593750 -1.808593750 -2.144531250 -1.882812500 -1.714843750 -1.882812500 -2.046875000 -2.078125000 -2.285156250 -2.144531250 -2.078125000 -2.214843750 -2.214843750 -2.144531250 -2.453125000 -2.144531250 -2.410156250 -2.144531250 -2.078125000 -2.214843750 -2.656250000 -2.328125000 -1.855468750 -2.078125000 -2.367187500 
-1.695312500 -0.410156250 -0.476562500 -0.816406250 -0.527343750 -0.781250000 -1.632812500 -1.593750000 -2.109375000 -2.179687500 -2.250000000 -2.906250000 -1.988281250 -1.785156250 -1.519531250 -1.519531250 -2.328125000 -1.808593750 -1.675781250 -1.855468750 -1.855468750 -1.960937500 -1.832031250 -2.078125000 -2.109375000 -2.214843750 -2.144531250 -2.109375000 -2.250000000 -2.250000000 -2.144531250 -2.410156250 -2.078125000 -2.550781250 -2.250000000 -2.214843750 -2.328125000 -2.601562500 -2.179687500 -1.960937500 -2.328125000 -2.250000000 
-2.144531250 -0.640625000 -0.765625000 -0.871093750 -0.699218750 -0.773437500 -1.785156250 -2.046875000 -2.179687500 -2.214843750 -2.109375000 -2.906250000 -2.500000000 -2.144531250 -1.539062500 -1.484375000 -1.832031250 -1.675781250 -1.613281250 -1.988281250 -2.550781250 -2.046875000 -1.675781250 -2.109375000 -1.906250000 -2.046875000 -2.144531250 -1.933593750 -2.109375000 -2.214843750 -2.214843750 -2.453125000 -2.179687500 -2.656250000 -2.500000000 -2.179687500 -2.367187500 -2.500000000 -2.214843750 -2.078125000 -2.144531250 -2.214843750 
-1.933593750 -0.339843750 -0.921875000 -1.324218750 -0.554687500 -1.175781250 -1.675781250 -1.539062500 -1.960937500 -2.601562500 -2.046875000 -2.214843750 -2.550781250 -1.855468750 -1.882812500 -1.785156250 -1.832031250 -1.906250000 -1.882812500 -1.933593750 -2.046875000 -2.410156250 -2.179687500 -1.855468750 -1.855468750 -2.367187500 -2.109375000 -2.179687500 -2.367187500 -2.328125000 -2.410156250 -2.214843750 -2.285156250 -2.773437500 -2.250000000 -2.550781250 -2.250000000 -2.250000000 -2.656250000 -2.500000000 -2.285156250 -2.078125000 
-1.652343750 -0.117187500 -0.582031250 -2.046875000 -0.484375000 -0.671875000 -1.906250000 -1.832031250 -2.144531250 -2.144531250 -2.453125000 -2.046875000 -2.367187500 -2.214843750 -2.144531250 -2.214843750 -1.695312500 -2.019531250 -1.832031250 -1.738281250 -2.019531250 -2.550781250 -2.144531250 -1.988281250 -1.933593750 -2.214843750 -2.144531250 -2.109375000 -2.500000000 -2.250000000 -2.144531250 -2.550781250 -2.367187500 -2.328125000 -2.109375000 -2.500000000 -2.367187500 -2.453125000 -2.500000000 -2.410156250 -2.285156250 -1.988281250 
-1.574218750 -0.132812500 -0.351562500 -1.296875000 -0.546875000 -0.519531250 -1.738281250 -1.785156250 -1.988281250 -1.933593750 -2.250000000 -2.285156250 -2.773437500 -2.250000000 -2.656250000 -2.601562500 -1.882812500 -1.808593750 -1.933593750 -1.933593750 -1.882812500 -2.109375000 -2.046875000 -1.906250000 -2.179687500 -2.214843750 -2.179687500 -2.019531250 -2.453125000 -2.214843750 -2.179687500 -2.601562500 -2.550781250 -2.214843750 -2.046875000 -2.367187500 -2.250000000 -2.453125000 -2.500000000 -2.328125000 -2.328125000 -2.046875000 
-1.164062500 -0.078125000 -0.183593750 -1.214843750 -0.742187500 -0.625000000 -1.695312500 -1.960937500 -1.675781250 -1.613281250 -1.882812500 -2.214843750 -2.656250000 -2.144531250 -2.328125000 -2.550781250 -2.179687500 -1.832031250 -1.933593750 -2.046875000 -2.109375000 -1.988281250 -1.960937500 -2.285156250 -2.367187500 -2.550781250 -2.550781250 -2.046875000 -2.144531250 -1.960937500 -2.179687500 -2.550781250 -2.500000000 -2.285156250 -2.144531250 -2.144531250 -2.500000000 -2.500000000 -2.550781250 -2.078125000 -2.500000000 -2.500000000 
-2.710937500 -0.351562500 -0.179687500 -1.960937500 -1.226562500 -1.253906250 -1.832031250 -1.519531250 -2.019531250 -2.550781250 -2.410156250 -2.109375000 -2.214843750 -2.601562500 -2.109375000 -2.453125000 -2.328125000 -1.855468750 -2.144531250 -2.550781250 -1.988281250 -1.933593750 -2.214843750 -2.453125000 -2.710937500 -2.500000000 -2.835937500 -2.710937500 -2.046875000 -2.078125000 -2.328125000 -2.500000000 -2.601562500 -2.328125000 -2.179687500 -2.214843750 -2.453125000 -2.214843750 -2.285156250 -2.109375000 -2.601562500 -2.656250000 
-1.386718750 -0.468750000 -0.707031250 -1.882812500 -1.933593750 -1.519531250 -1.242187500 -2.250000000 -2.835937500 -2.019531250 -2.410156250 -2.214843750 -2.179687500 -2.656250000 -1.960937500 -2.500000000 -2.710937500 -2.179687500 -2.285156250 -2.367187500 -1.933593750 -2.453125000 -2.109375000 -2.550781250 -2.710937500 -2.328125000 -2.601562500 -2.656250000 -2.078125000 -2.019531250 -2.214843750 -2.453125000 -2.453125000 -2.500000000 -2.109375000 -2.410156250 -2.285156250 -2.109375000 -2.328125000 -2.144531250 -2.773437500 -2.710937500 
-1.695312500 -1.152343750 -1.066406250 -2.214843750 -1.832031250 -1.554687500 -1.312500000 -2.214843750 -2.078125000 -2.109375000 -2.710937500 -2.144531250 -2.144531250 -2.453125000 -1.960937500 -2.285156250 -2.179687500 -2.410156250 -2.500000000 -2.500000000 -2.078125000 -2.453125000 -2.179687500 -2.601562500 -3.058593750 -2.656250000 -2.773437500 -3.058593750 -2.214843750 -2.144531250 -2.410156250 -2.410156250 -2.453125000 -2.656250000 -2.214843750 -2.656250000 -2.367187500 -2.328125000 -2.285156250 -2.367187500 -2.710937500 -2.835937500 
-2.367187500 -1.761718750 -1.738281250 -2.453125000 -1.855468750 -1.882812500 -2.250000000 -2.179687500 -2.179687500 -2.328125000 -2.250000000 -2.250000000 -2.410156250 -2.453125000 -2.144531250 -2.367187500 -2.328125000 -2.710937500 -2.773437500 -2.601562500 -2.285156250 -2.656250000 -2.773437500 -3.242187500 -3.242187500 -3.058593750 -2.906250000 -3.464843750 -2.656250000 -2.453125000 -2.500000000 -2.835937500 -2.710937500 -3.347656250 -3.148437500 -2.980468750 -3.058593750 -2.710937500 -3.058593750 -3.753906250 -3.597656250 -3.347656250 
-3.597656250 -2.835937500 -2.835937500 -3.464843750 -2.773437500 -2.906250000 -2.550781250 -3.148437500 -2.550781250 -2.710937500 -2.550781250 -2.835937500 -2.656250000 -2.656250000 -2.500000000 -2.773437500 -2.601562500 -2.835937500 -2.710937500 -2.980468750 -2.906250000 -3.347656250 -3.347656250 -3.464843750 -3.753906250 -3.753906250 -3.464843750 -3.464843750 -3.242187500 -3.148437500 -3.058593750 -3.058593750 -3.597656250 -3.753906250 -3.753906250 -3.937500000 -3.597656250 -3.464843750 -4.160156250 -3.937500000 -5.546875000 -5.546875000 
-3.242187500 -3.347656250 -3.148437500 -3.148437500 -3.148437500 -2.980468750 -2.980468750 -2.906250000 -3.058593750 -2.980468750 -2.906250000 -2.835937500 -2.906250000 -2.980468750 -2.906250000 -2.980468750 -2.980468750 -3.242187500 -3.242187500 -3.347656250 -3.937500000 -4.445312500 -5.546875000 -5.546875000 -5.546875000 -5.546875000 -5.546875000 -4.851562500 -3.464843750 -3.347656250 -4.160156250 -5.546875000 -5.546875000 -5.546875000 -5.546875000 -5.546875000 -5.546875000 -5.546875000 -5.546875000 -5.546875000 -5.546875000 -5.546875000 
-5.546875000 -5.546875000 -5.546875000 -5.546875000 -5.546875000 -5.546875000 -5.546875000 -5.546875000 -5.546875000 -5.546875000 -5.546875000 -5.546875000 -5.546875000 -5.546875000 -5.546875000 -5.546875000 -5.546875000 -5.546875000 -5.546875000 -5.546875000 -5.546875000 -5.546875000 -5.546875000 -5.546875000 -5.546875000 -5.546875000 -5.546875000 -5.546875000 -5.546875000 -5.546875000 -5.546875000 -5.546875000 -5.546875000 -5.546875000 -5.546875000 -5.546875000 -5.546875000 -5.546875000 -5.546875000 -5.546875000 -5.546875000 -5.546875000 
-5.546875000 -5.546875000 -5.546875000 -5.546875000 -5.546875000 -5.546875000 -5.546875000 -5.546875000 -5.546875000 -5.546875000 -5.546875000 -5.546875000 -5.546875000 -5.546875000 -5.546875000 -5.546875000 -5.546875000 -5.546875000 -5.546875000 -5.546875000 -5.546875000 -5.546875000 -5.546875000 -5.546875000 -5.546875000 -5.546875000 -5.546875000 -5.546875000 -5.546875000 -5.546875000 -5.546875000 -5.546875000 -5.546875000 -5.546875000 -5.546875000 -5.546875000 -5.546875000 -5.546875000 -5.546875000 -5.546875000 -5.546875000 -5.546875000 
-5.546875000 -5.546875000 -5.546875000 -5.546875000 -5.546875000 -5.546875000 -5.546875000 -5.546875000 -5.546875000 -5.546875000 -5.546875000 -5.546875000 -5.546875000 -5.546875000 -5.546875000 -5.546875000 -5.546875000 -5.546875000 -5.546875000 -5.546875000 -5.546875000 -5.546875000 -5.546875000 -5.546875000 -5.546875000 -5.546875000 -5.546875000 -5.546875000 -5.546875000 -5.546875000 -5.546875000 -5.546875000 -5.546875000 -5.546875000 -5.546875000 -5.546875000 -5.546875000 -5.546875000 -5.546875000 -5.546875000 -5.546875000 -5.546875000 
-5.546875000 -5.546875000 -5.546875000 -5.546875000 -5.546875000 -5.546875000 -5.546875000 -5.546875000 -5.546875000 -5.546875000 -5.546875000 -5.546875000 -5.546875000 -5.546875000 -5.546875000 -5.546875000 -5.546875000 -5.546875000 -5.546875000 -5.546875000 -5.546875000 -5.546875000 -5.546875000 -5.546875000 -5.546875000 -5.546875000 -5.546875000 -5.546875000 -5.546875000 -5.546875000 -5.546875000 -5.546875000 -5.546875000 -5.546875000 -5.546875000 -5.546875000 -5.546875000 -5.546875000 -5.546875000 -5.546875000 -5.546875000 -5.546875000 
-4.445312500 -4.160156250 -3.937500000 -4.160156250 -4.160156250 -3.937500000 -3.937500000 -3.937500000 -3.753906250 -3.753906250 -3.753906250 -3.753906250 -3.597656250 -3.597656250 -3.597656250 -3.464843750 -3.464843750 -3.347656250 -3.347656250 -3.347656250 -3.242187500 -3.597656250 -3.753906250 -3.753906250 -3.597656250 -3.597656250 -3.464843750 -3.464843750 -3.464843750 -4.160156250 -5.546875000 -5.546875000 -5.546875000 -5.546875000 -5.546875000 -5.546875000 -5.546875000 -5.546875000 -5.546875000 -5.546875000 -5.546875000 -5.546875000 
-3.753906250 -4.445312500 -3.242187500 -3.242187500 -3.148437500 -3.597656250 -3.753906250 -3.597656250 -3.148437500 -2.835937500 -2.601562500 -3.242187500 -3.347656250 -3.753906250 -2.906250000 -2.835937500 -3.242187500 -2.906250000 -2.109375000 -2.906250000 -2.835937500 -2.710937500 -2.906250000 -2.500000000 -2.285156250 -2.906250000 -2.410156250 -2.906250000 -2.550781250 -2.656250000 -2.601562500 -2.980468750 -2.835937500 -2.500000000 -2.906250000 -2.601562500 -3.058593750 -2.980468750 -4.445312500 -3.242187500 -3.242187500 -2.710937500 
-3.753906250 -3.937500000 -2.656250000 -3.347656250 -2.835937500 -3.347656250 -3.242187500 -2.835937500 -2.367187500 -2.710937500 -2.656250000 -2.980468750 -3.058593750 -3.347656250 -2.773437500 -2.179687500 -2.410156250 -2.179687500 -1.386718750 -2.410156250 -2.453125000 -2.453125000 -2.550781250 -2.410156250 -1.832031250 -2.500000000 -2.328125000 -2.453125000 -2.285156250 -2.046875000 -1.906250000 -2.109375000 -1.761718750 -1.855468750 -2.550781250 -2.214843750 -2.710937500 -2.773437500 -2.656250000 -2.550781250 -2.601562500 -1.882812500 
-3.148437500 -2.773437500 -2.773437500 -2.980468750 -2.710937500 -2.980468750 -2.906250000 -2.656250000 -2.109375000 -2.500000000 -2.500000000 -2.656250000 -2.906250000 -3.058593750 -2.601562500 -2.410156250 -1.714843750 -1.613281250 -1.089843750 -1.882812500 -2.250000000 -2.328125000 -2.410156250 -2.109375000 -1.613281250 -2.410156250 -2.179687500 -2.285156250 -2.019531250 -2.019531250 -1.933593750 -1.785156250 -1.281250000 -1.761718750 -2.367187500 -2.179687500 -2.144531250 -2.328125000 -2.285156250 -2.285156250 -1.855468750 -1.761718750 
-3.464843750 -2.710937500 -2.453125000 -3.347656250 -3.058593750 -1.988281250 -2.328125000 -2.710937500 -1.832031250 -2.601562500 -2.906250000 -2.109375000 -2.500000000 -2.328125000 -2.656250000 -2.019531250 -1.371093750 -1.253906250 -0.929687500 -1.675781250 -2.109375000 -2.144531250 -2.179687500 -2.367187500 -1.808593750 -2.410156250 -2.500000000 -2.144531250 -2.078125000 -2.078125000 -2.019531250 -1.675781250 -1.339843750 -1.355468750 -1.714843750 -1.832031250 -2.046875000 -2.109375000 -2.214843750 -1.988281250 -1.738281250 -1.613281250 
-3.347656250 -2.453125000 -2.109375000 -3.597656250 -3.464843750 -1.960937500 -2.179687500 -2.773437500 -1.832031250 -2.214843750 -2.550781250 -2.078125000 -2.328125000 -1.933593750 -2.410156250 -2.214843750 -1.203125000 -1.355468750 -0.910156250 -1.738281250 -1.882812500 -2.250000000 -2.019531250 -2.109375000 -1.882812500 -1.960937500 -2.656250000 -1.882812500 -1.906250000 -1.988281250 -2.367187500 -1.652343750 -1.484375000 -1.808593750 -1.593750000 -1.519531250 -2.019531250 -1.882812500 -1.960937500 -1.960937500 -1.632812500 -1.761718750 
-3.347656250 -2.500000000 -2.144531250 -4.160156250 -3.058593750 -1.988281250 -1.960937500 -2.656250000 -1.554687500 -2.019531250 -2.019531250 -1.554687500 -2.179687500 -1.613281250 -2.453125000 -2.078125000 -0.921875000 -1.312500000 -0.980468750 -2.214843750 -2.109375000 -2.109375000 -1.785156250 -2.328125000 -2.214843750 -1.882812500 -2.367187500 -1.785156250 -2.078125000 -1.988281250 -1.832031250 -1.714843750 -2.046875000 -1.808593750 -1.593750000 -1.484375000 -1.785156250 -1.714843750 -1.785156250 -1.855468750 -1.632812500 -1.675781250 
-3.753906250 -2.601562500 -2.367187500 -2.980468750 -2.835937500 -2.214843750 -2.144531250 -2.550781250 -1.519531250 -1.738281250 -1.988281250 -1.539062500 -2.214843750 -1.652343750 -2.328125000 -1.988281250 -0.968750000 -1.113281250 -1.023437500 -2.019531250 -1.988281250 -2.046875000 -1.695312500 -2.656250000 -2.500000000 -2.046875000 -2.285156250 -1.785156250 -2.078125000 -2.019531250 -1.785156250 -1.714843750 -1.855468750 -1.933593750 -1.761718750 -1.539062500 -1.785156250 -1.785156250 -1.855468750 -1.761718750 -1.613281250 -1.613281250 
-3.148437500 -3.148437500 -2.835937500 -2.980468750 -2.906250000 -2.285156250 -2.500000000 -2.601562500 -1.613281250 -1.855468750 -2.144531250 -1.613281250 -2.109375000 -1.593750000 -2.250000000 -1.386718750 -0.960937500 -1.226562500 -1.296875000 -2.078125000 -2.328125000 -2.500000000 -1.855468750 -2.179687500 -1.988281250 -1.808593750 -1.933593750 -2.250000000 -1.882812500 -2.078125000 -1.882812500 -1.855468750 -2.046875000 -1.960937500 -1.988281250 -2.078125000 -1.855468750 -2.078125000 -1.761718750 -1.738281250 -1.882812500 -1.785156250 
-3.753906250 -3.347656250 -2.980468750 -3.242187500 -4.445312500 -2.285156250 -2.550781250 -2.710937500 -2.078125000 -2.328125000 -1.960937500 -1.675781250 -2.367187500 -1.832031250 -2.500000000 -1.652343750 -1.632812500 -1.785156250 -1.832031250 -2.250000000 -2.328125000 -2.656250000 -2.835937500 -2.710937500 -2.046875000 -1.933593750 -1.988281250 -2.453125000 -2.179687500 -2.144531250 -2.500000000 -2.285156250 -2.179687500 -2.019531250 -2.078125000 -2.078125000 -1.988281250 -2.328125000 -2.109375000 -1.808593750 -2.328125000 -2.144531250 
-3.597656250 -4.160156250 -3.148437500 -3.148437500 -3.597656250 -2.550781250 -2.550781250 -3.347656250 -3.347656250 -2.773437500 -2.214843750 -1.785156250 -2.367187500 -2.019531250 -2.410156250 -1.738281250 -1.785156250 -2.078125000 -2.980468750 -2.550781250 -2.710937500 -3.347656250 -2.906250000 -2.773437500 -2.109375000 -2.179687500 -2.144531250 -2.500000000 -2.144531250 -2.453125000 -2.601562500 -2.328125000 -2.550781250 -2.500000000 -2.550781250 -2.328125000 -2.367187500 -2.710937500 -2.550781250 -2.046875000 -2.773437500 -3.058593750 
-4.445312500 -4.160156250 -5.546875000 -4.160156250 -4.160156250 -5.546875000 -3.937500000 -3.937500000 -4.160156250 -3.597656250 -4.160156250 -3.347656250 -4.160156250 -3.148437500 -3.753906250 -3.347656250 -3.347656250 -3.597656250 -3.242187500 -3.242187500 -3.753906250 -3.753906250 -3.597656250 -3.597656250 -3.464843750 -3.347656250 -3.148437500 -2.906250000 -2.980468750 -2.906250000 -2.980468750 -3.464843750 -3.937500000 -3.753906250 -3.242187500 -2.980468750 -3.058593750 -3.464843750 -4.851562500 -5.546875000 -4.160156250 -4.851562500 

