-0.816406250 -1.113281250 -0.386718750 0.062500000 0.378906250 -0.105468750 -0.617187500 -0.023437500 0.320312500 0.007812500 -0.546875000 -0.476562500 -1.101562500 -0.484375000 -0.542968750 -0.515625000 -0.265625000 -0.390625000 -0.281250000 -0.207031250 -0.453125000 -0.664062500 -0.828125000 -0.828125000 -0.835937500 -1.078125000 -0.781250000 -0.648437500 -0.816406250 -0.304687500 -0.734375000 -0.691406250 -0.683593750 -0.757812500 -0.683593750 -0.707031250 -0.425781250 -0.589843750 -0.277343750 -0.261718750 0.074218750 1.167968750 
-0.476562500 -1.960937500 -0.484375000 -0.265625000 0.511718750 0.027343750 -0.183593750 -0.199218750 0.171875000 0.117187500 -0.386718750 -0.671875000 -0.949218750 -0.535156250 -0.453125000 -0.476562500 -0.484375000 -0.648437500 -0.968750000 -0.808593750 -0.855468750 -0.699218750 -1.242187500 -0.855468750 -1.175781250 -0.929687500 -0.949218750 -1.281250000 -1.000000000 -1.054687500 -1.484375000 -1.214843750 -1.269531250 -1.281250000 -1.078125000 -1.371093750 -1.312500000 -1.203125000 -1.023437500 -1.113281250 -0.890625000 -0.351562500 
-0.742187500 -0.968750000 -0.312500000 0.199218750 0.691406250 0.105468750 -1.000000000 -0.425781250 0.496093750 0.144531250 -0.402343750 -0.496093750 -0.828125000 -0.609375000 -0.734375000 -0.519531250 -0.507812500 -0.910156250 -1.253906250 -0.929687500 -0.656250000 -0.625000000 -1.281250000 -0.835937500 -1.035156250 -1.214843750 -1.101562500 -1.324218750 -0.941406250 -1.054687500 -1.226562500 -1.164062500 -1.253906250 -1.539062500 -1.242187500 -1.433593750 -1.296875000 -1.175781250 -1.066406250 -1.164062500 -0.941406250 -0.425781250 
-0.625000000 -1.312500000 -0.199218750 -0.105468750 0.628906250 -0.074218750 -0.734375000 -0.281250000 0.246093750 0.269531250 -0.433593750 -0.128906250 -0.699218750 -0.707031250 -0.816406250 -0.546875000 -0.699218750 -1.125000000 -1.011718750 -0.941406250 -0.597656250 -0.765625000 -0.921875000 -0.871093750 -1.214843750 -1.011718750 -1.046875000 -0.910156250 -0.863281250 -1.054687500 -1.281250000 -1.125000000 -1.226562500 -1.152343750 -1.226562500 -1.281250000 -1.449218750 -1.175781250 -1.054687500 -1.113281250 -0.980468750 -0.664062500 
-0.468750000 -1.214843750 -0.312500000 0.550781250 0.617187500 0.144531250 -0.542968750 -0.339843750 0.421875000 0.296875000 -0.605468750 -0.324218750 -0.929687500 -0.519531250 -0.882812500 -0.484375000 -0.648437500 -0.750000000 -0.574218750 -0.765625000 -0.218750000 -0.308593750 -0.800781250 -1.296875000 -0.363281250 -0.167968750 -0.632812500 -0.250000000 0.402343750 0.652343750 -0.707031250 -1.023437500 -0.980468750 -0.359375000 -0.648437500 -1.101562500 -0.781250000 -0.941406250 -0.546875000 0.039062500 0.714843750 1.105468750 
-1.214843750 -1.089843750 -0.464843750 0.363281250 0.460937500 0.117187500 -0.003906250 0.242187500 0.492187500 0.113281250 -0.855468750 -0.218750000 -0.242187500 -0.773437500 -1.089843750 -0.718750000 -0.617187500 -0.734375000 -0.640625000 -0.296875000 -0.425781250 -0.296875000 -0.941406250 -1.113281250 -0.425781250 -0.089843750 -0.546875000 -0.222656250 0.398437500 0.644531250 -0.910156250 -1.214843750 -1.023437500 -0.339843750 -0.683593750 -0.941406250 -0.726562500 -1.136718750 -0.617187500 0.027343750 0.730468750 1.117187500 
-1.632812500 -1.226562500 -0.484375000 0.312500000 0.171875000 0.261718750 0.011718750 -0.128906250 0.265625000 0.371093750 -0.289062500 -0.496093750 -0.375000000 -0.968750000 -0.968750000 -0.742187500 -0.664062500 -0.742187500 -0.390625000 -0.289062500 -0.488281250 -0.308593750 -0.800781250 -0.835937500 -0.359375000 -0.128906250 -0.609375000 -0.222656250 0.398437500 0.648437500 -0.863281250 -1.386718750 -1.023437500 -0.320312500 -0.656250000 -0.882812500 -0.750000000 -1.164062500 -0.632812500 0.027343750 0.734375000 1.140625000 
-0.574218750 -1.101562500 -1.046875000 -0.570312500 0.218750000 0.289062500 -0.105468750 -0.296875000 -0.152343750 0.164062500 -0.437500000 -0.941406250 -0.332031250 -0.835937500 -0.335937500 -0.671875000 -0.605468750 -0.890625000 -0.546875000 -0.519531250 -0.742187500 -0.656250000 -1.125000000 -0.800781250 -0.871093750 -0.734375000 -0.773437500 -0.960937500 -0.800781250 -1.023437500 -1.402343750 -1.269531250 -1.101562500 -1.203125000 -0.843750000 -0.921875000 -1.089843750 -1.312500000 -1.281250000 -0.800781250 -0.320312500 0.136718750 
-0.085937500 -0.515625000 0.000000000 -0.757812500 0.453125000 0.062500000 -0.117187500 -0.828125000 -0.261718750 0.285156250 -0.289062500 -0.707031250 -0.882812500 -1.187500000 -0.339843750 -0.855468750 -0.457031250 -0.726562500 -0.390625000 -1.035156250 -1.125000000 -0.863281250 -0.949218750 -0.843750000 -0.726562500 -0.949218750 -0.960937500 -1.175781250 -1.089843750 -1.187500000 -1.386718750 -1.242187500 -1.078125000 -1.164062500 -0.855468750 -1.011718750 -1.187500000 -1.152343750 -1.324218750 -0.949218750 -0.519531250 0.003906250 
-0.496093750 -0.437500000 -0.242187500 -0.304687500 0.531250000 -0.191406250 -0.156250000 -0.339843750 -0.464843750 0.160156250 -0.351562500 -0.656250000 -0.726562500 -1.449218750 -0.347656250 -0.734375000 -0.734375000 -0.574218750 -0.792968750 -0.734375000 -1.023437500 -0.929687500 -1.164062500 -0.949218750 -0.718750000 -1.046875000 -1.000000000 -1.136718750 -1.339843750 -1.281250000 -1.269531250 -1.281250000 -1.242187500 -1.203125000 -1.046875000 -1.078125000 -1.113281250 -1.089843750 -1.296875000 -0.960937500 -0.632812500 -0.320312500 
-0.347656250 -1.187500000 -0.042968750 -0.386718750 0.535156250 0.179687500 -0.871093750 -0.183593750 -0.468750000 0.250000000 -0.281250000 -0.582031250 -0.949218750 -0.882812500 -0.246093750 -0.765625000 -0.734375000 -0.800781250 -0.640625000 -0.726562500 -0.640625000 -0.699218750 -0.960937500 -1.023437500 -0.929687500 -1.113281250 -0.968750000 -1.164062500 -1.652343750 -1.312500000 -1.269531250 -1.312500000 -1.187500000 -1.078125000 -1.152343750 -1.023437500 -1.000000000 -1.125000000 -1.175781250 -0.968750000 -0.843750000 -0.390625000 
-0.562500000 -0.468750000 0.207031250 0.121093750 0.558593750 -0.046875000 -0.296875000 -0.527343750 -0.226562500 0.367187500 -0.273437500 -0.507812500 -0.617187500 -0.726562500 -0.390625000 -0.500000000 -0.625000000 -0.863281250 -0.882812500 -1.023437500 -0.699218750 -0.960937500 -0.921875000 -0.980468750 -1.152343750 -1.164062500 -1.011718750 -1.164062500 -1.484375000 -1.226562500 -1.484375000 -1.539062500 -1.324218750 -1.281250000 -1.324218750 -1.113281250 -1.164062500 -1.113281250 -1.187500000 -0.992187500 -0.902343750 -0.605468750 
-0.347656250 -0.464843750 -0.484375000 -0.222656250 0.597656250 -0.128906250 -0.910156250 -0.671875000 -0.324218750 0.121093750 -0.632812500 -0.265625000 -0.734375000 -0.800781250 -0.433593750 -0.617187500 -0.582031250 -0.718750000 -0.921875000 -1.054687500 -0.773437500 -1.046875000 -1.054687500 -1.113281250 -1.125000000 -1.152343750 -1.296875000 -1.312500000 -1.449218750 -1.324218750 -1.539062500 -1.632812500 -1.574218750 -1.339843750 -1.281250000 -1.484375000 -1.253906250 -1.312500000 -1.296875000 -1.089843750 -1.046875000 -1.046875000 
-0.734375000 -0.941406250 -0.222656250 -0.054687500 0.535156250 -0.003906250 -0.347656250 -0.308593750 -0.179687500 0.140625000 -0.265625000 0.062500000 -0.425781250 -0.671875000 -0.902343750 -0.570312500 -0.425781250 -0.507812500 -0.816406250 -0.992187500 -1.054687500 -1.078125000 -1.281250000 -1.226562500 -1.312500000 -1.371093750 -0.882812500 -0.941406250 -1.402343750 -1.312500000 -1.281250000 -1.339843750 -1.468750000 -1.371093750 -1.253906250 -1.574218750 -1.214843750 -1.355468750 -1.164062500 -1.281250000 -1.035156250 -1.046875000 
-0.718750000 -0.992187500 0.199218750 -0.468750000 0.187500000 0.136718750 -0.226562500 -0.437500000 -0.773437500 -0.027343750 -0.050781250 -0.093750000 -0.484375000 -0.843750000 -0.929687500 -0.765625000 -0.574218750 -0.589843750 -0.683593750 -0.683593750 -1.164062500 -1.253906250 -1.046875000 -0.871093750 -1.125000000 -1.312500000 -0.871093750 -0.871093750 -1.503906250 -1.175781250 -1.417968750 -1.468750000 -1.468750000 -1.253906250 -1.371093750 -1.675781250 -1.484375000 -1.539062500 -1.152343750 -1.269531250 -1.023437500 -1.113281250 
-0.800781250 -0.750000000 -0.546875000 -0.191406250 0.394531250 0.089843750 -0.507812500 -1.175781250 -0.691406250 0.058593750 -0.246093750 -0.218750000 -0.242187500 -0.871093750 -0.691406250 -0.425781250 -0.238281250 -0.675781250 -0.718750000 -0.609375000 -0.949218750 -1.152343750 -1.089843750 -0.980468750 -1.468750000 -1.175781250 -0.816406250 -1.101562500 -1.339843750 -1.164062500 -1.187500000 -1.355468750 -1.449218750 -1.226562500 -1.187500000 -1.324218750 -1.355468750 -1.226562500 -1.175781250 -1.242187500 -1.101562500 -1.242187500 
-0.484375000 -1.613281250 -0.023437500 -0.125000000 0.164062500 0.027343750 -0.605468750 -1.000000000 -0.625000000 0.054687500 -0.183593750 -0.402343750 -0.308593750 -1.296875000 -0.855468750 -0.437500000 -0.140625000 -0.554687500 -0.699218750 -0.484375000 -0.675781250 -0.882812500 -1.101562500 -0.781250000 -1.125000000 -0.949218750 -0.855468750 -1.035156250 -1.253906250 -0.968750000 -1.203125000 -1.187500000 -1.613281250 -1.324218750 -1.402343750 -1.136718750 -1.125000000 -1.066406250 -0.960937500 -1.125000000 -0.843750000 -1.214843750 
-0.816406250 -0.910156250 0.253906250 0.003906250 0.386718750 0.210937500 -1.339843750 -0.781250000 -0.101562500 0.355468750 -0.113281250 -0.320312500 -0.582031250 -0.570312500 -0.605468750 -0.640625000 -0.089843750 -0.648437500 -0.890625000 -1.175781250 -0.773437500 -1.125000000 -1.312500000 -1.125000000 -1.433593750 -1.449218750 -1.164062500 -1.281250000 -1.433593750 -1.125000000 -1.269531250 -1.554687500 -1.675781250 -1.324218750 -1.468750000 -1.187500000 -1.125000000 -1.203125000 -1.402343750 -1.402343750 -1.113281250 -1.164062500 
-0.574218750 -1.296875000 0.234375000 -0.218750000 0.644531250 0.230468750 -0.910156250 -0.828125000 0.167968750 0.160156250 -0.031250000 0.027343750 -0.750000000 -0.765625000 -0.632812500 -0.425781250 -0.339843750 -0.683593750 -0.691406250 -0.992187500 -1.023437500 -1.164062500 -1.023437500 -1.214843750 -1.214843750 -1.519531250 -1.164062500 -1.371093750 -1.484375000 -0.980468750 -1.296875000 -1.632812500 -1.675781250 -1.433593750 -1.402343750 -1.355468750 -1.242187500 -1.113281250 -1.503906250 -1.539062500 -1.296875000 -1.152343750 
-0.773437500 -0.968750000 -0.089843750 -0.191406250 0.718750000 0.160156250 -1.011718750 -0.617187500 0.128906250 0.445312500 -0.230468750 0.039062500 -0.828125000 -0.843750000 -0.582031250 -0.488281250 -0.617187500 -1.000000000 -0.671875000 -1.214843750 -1.089843750 -1.054687500 -0.921875000 -1.078125000 -1.113281250 -1.714843750 -1.136718750 -1.386718750 -1.371093750 -1.125000000 -1.214843750 -1.269531250 -1.402343750 -1.269531250 -1.281250000 -1.371093750 -1.433593750 -1.136718750 -1.386718750 -1.281250000 -1.066406250 -1.066406250 
-0.476562500 -0.929687500 -0.515625000 -0.304687500 0.425781250 0.347656250 -0.960937500 -0.457031250 0.382812500 0.062500000 -0.175781250 -0.152343750 -0.871093750 -0.707031250 -0.734375000 -0.445312500 -0.535156250 -0.671875000 -0.363281250 -0.941406250 -1.089843750 -1.136718750 -0.902343750 -0.968750000 -0.890625000 -1.339843750 -1.203125000 -1.417968750 -1.113281250 -1.113281250 -1.371093750 -1.324218750 -1.449218750 -1.554687500 -1.281250000 -1.652343750 -1.296875000 -1.113281250 -1.355468750 -1.253906250 -1.203125000 -1.136718750 
-0.609375000 -0.691406250 -0.750000000 -0.070312500 0.160156250 -0.507812500 -1.253906250 -0.273437500 0.144531250 0.300781250 -0.070312500 0.046875000 -0.546875000 -0.476562500 -0.843750000 -0.863281250 -0.664062500 -0.941406250 -0.605468750 -0.699218750 -1.035156250 -0.992187500 -0.980468750 -0.921875000 -0.949218750 -1.269531250 -1.214843750 -1.203125000 -1.187500000 -1.339843750 -1.226562500 -1.417968750 -1.738281250 -1.761718750 -1.355468750 -1.675781250 -1.433593750 -1.035156250 -1.214843750 -1.152343750 -1.269531250 -1.433593750 
-0.781250000 -0.871093750 -0.484375000 -0.191406250 0.058593750 -0.890625000 -0.605468750 -0.515625000 0.457031250 0.218750000 -0.402343750 0.027343750 -0.742187500 -0.699218750 -0.464843750 -0.242187500 -0.261718750 -0.941406250 -0.707031250 -0.597656250 -0.671875000 -0.902343750 -0.921875000 -1.113281250 -1.113281250 -1.226562500 -1.035156250 -1.269531250 -1.402343750 -1.312500000 -1.253906250 -1.468750000 -1.761718750 -1.574218750 -1.468750000 -1.269531250 -1.136718750 -0.968750000 -1.152343750 -1.324218750 -1.214843750 -1.355468750 
-0.589843750 -0.617187500 -0.250000000 -0.468750000 -0.156250000 -0.625000000 -0.257812500 0.148437500 0.261718750 0.062500000 -0.113281250 0.175781250 -0.515625000 -0.582031250 -0.437500000 -0.039062500 -0.367187500 -0.960937500 -0.699218750 -0.640625000 -0.500000000 -1.023437500 -1.000000000 -1.214843750 -1.242187500 -1.253906250 -0.863281250 -1.101562500 -1.269531250 -1.152343750 -1.242187500 -1.503906250 -1.574218750 -1.539062500 -1.554687500 -1.312500000 -1.296875000 -0.949218750 -1.203125000 -1.402343750 -1.296875000 -1.269531250 
-0.453125000 -0.792968750 -0.589843750 -0.664062500 0.042968750 0.292968750 -0.476562500 -0.125000000 0.167968750 0.179687500 -0.101562500 -0.148437500 -0.765625000 -0.675781250 -0.312500000 -0.031250000 -0.386718750 -0.675781250 -0.562500000 -0.765625000 -0.597656250 -0.871093750 -1.113281250 -1.484375000 -1.449218750 -1.503906250 -0.882812500 -1.113281250 -1.417968750 -1.125000000 -1.449218750 -1.519531250 -1.281250000 -1.281250000 -1.339843750 -1.078125000 -1.136718750 -1.046875000 -1.484375000 -1.695312500 -1.242187500 -1.281250000 
-0.359375000 -1.539062500 -0.402343750 -0.457031250 0.378906250 -0.027343750 -0.312500000 -0.156250000 0.226562500 0.187500000 -0.226562500 -0.125000000 -0.445312500 -0.800781250 -0.078125000 -0.183593750 -0.437500000 -0.648437500 -0.632812500 -0.882812500 -0.855468750 -0.882812500 -1.242187500 -1.574218750 -0.929687500 -1.066406250 -1.023437500 -1.066406250 -1.371093750 -1.066406250 -1.386718750 -1.269531250 -1.253906250 -1.355468750 -1.339843750 -1.203125000 -1.371093750 -1.113281250 -1.675781250 -1.296875000 -1.175781250 -1.296875000 
-0.699218750 -2.214843750 0.003906250 -0.035156250 0.390625000 -0.167968750 -0.324218750 -0.152343750 0.273437500 0.339843750 -0.187500000 -0.562500000 -0.468750000 -0.792968750 -0.089843750 -0.890625000 -0.542968750 -0.773437500 -0.484375000 -1.054687500 -0.546875000 -0.707031250 -1.078125000 -1.312500000 -0.980468750 -1.386718750 -0.960937500 -1.164062500 -1.402343750 -1.339843750 -1.355468750 -1.402343750 -1.269531250 -1.226562500 -1.125000000 -1.164062500 -1.125000000 -1.242187500 -1.449218750 -1.402343750 -1.226562500 -1.312500000 
-1.035156250 -1.136718750 -0.136718750 -0.074218750 0.097656250 -0.183593750 -0.363281250 -0.113281250 0.437500000 0.304687500 -0.312500000 -0.453125000 -0.816406250 -0.828125000 -0.289062500 -0.855468750 -0.691406250 -1.136718750 -0.582031250 -0.792968750 -0.535156250 -1.054687500 -1.000000000 -1.324218750 -1.054687500 -1.089843750 -0.992187500 -1.089843750 -1.355468750 -1.226562500 -1.113281250 -1.449218750 -1.187500000 -1.402343750 -0.980468750 -1.054687500 -1.296875000 -1.324218750 -1.355468750 -1.214843750 -1.539062500 -1.371093750 
-0.882812500 -0.941406250 -0.378906250 -0.039062500 0.246093750 0.152343750 -0.378906250 0.031250000 0.003906250 0.183593750 -0.156250000 -0.085937500 -0.726562500 -1.023437500 -0.757812500 -1.214843750 -0.750000000 -0.863281250 -0.363281250 -0.742187500 -0.707031250 -1.175781250 -1.312500000 -1.066406250 -1.164062500 -1.203125000 -0.921875000 -0.921875000 -1.046875000 -1.164062500 -1.023437500 -1.433593750 -1.324218750 -1.253906250 -0.960937500 -1.054687500 -1.203125000 -1.339843750 -1.187500000 -1.187500000 -1.152343750 -1.152343750 
-0.910156250 -2.214843750 -0.921875000 -1.449218750 0.320312500 0.312500000 -0.210937500 -0.191406250 -0.265625000 0.062500000 -0.476562500 -0.183593750 -0.808593750 -0.781250000 -0.949218750 -0.843750000 -0.292968750 -0.421875000 -0.542968750 -0.808593750 -1.125000000 -0.921875000 -1.023437500 -0.921875000 -1.046875000 -1.296875000 -1.000000000 -1.023437500 -1.214843750 -1.281250000 -1.078125000 -1.554687500 -1.371093750 -1.695312500 -1.000000000 -1.152343750 -1.054687500 -0.960937500 -0.781250000 -0.468750000 0.234375000 -0.054687500 
-0.484375000 -1.253906250 -0.929687500 -0.164062500 0.531250000 0.285156250 -0.488281250 -0.332031250 -0.152343750 0.136718750 -0.605468750 -0.238281250 -0.542968750 -0.484375000 -0.664062500 -0.781250000 -0.257812500 -0.445312500 -0.656250000 -0.929687500 -1.324218750 -0.910156250 -0.910156250 -0.808593750 -1.000000000 -1.269531250 -0.992187500 -0.921875000 -1.226562500 -1.242187500 -1.203125000 -1.714843750 -1.371093750 -1.593750000 -1.152343750 -1.253906250 -1.011718750 -1.078125000 -0.808593750 -0.425781250 0.230468750 -0.058593750 
-0.191406250 -0.921875000 -0.828125000 -0.335937500 0.398437500 0.175781250 -0.464843750 -0.453125000 -0.152343750 0.203125000 -0.296875000 -0.457031250 -0.718750000 -0.445312500 -0.835937500 -0.554687500 -0.136718750 -0.433593750 -0.792968750 -0.835937500 -0.992187500 -0.843750000 -1.035156250 -1.054687500 -1.152343750 -1.125000000 -1.023437500 -1.078125000 -1.214843750 -1.371093750 -1.386718750 -1.402343750 -1.339843750 -1.503906250 -1.242187500 -1.484375000 -1.101562500 -1.113281250 -0.757812500 -0.421875000 0.234375000 -0.113281250 
-0.410156250 -1.175781250 -0.691406250 -0.093750000 0.402343750 -0.363281250 -0.800781250 -0.222656250 -0.242187500 -0.015625000 -0.453125000 -0.683593750 -0.617187500 -0.484375000 -0.675781250 -0.625000000 -0.308593750 -1.000000000 -0.699218750 -1.417968750 -0.882812500 -0.902343750 -0.816406250 -1.101562500 -1.242187500 -1.089843750 -1.269531250 -1.269531250 -1.054687500 -1.371093750 -1.281250000 -1.449218750 -1.519531250 -1.433593750 -1.613281250 -1.652343750 -1.339843750 -1.386718750 -1.187500000 -0.902343750 -1.242187500 -1.046875000 
-0.726562500 -0.699218750 -0.617187500 -0.843750000 0.242187500 -0.468750000 -0.980468750 -0.871093750 -0.949218750 -0.125000000 -0.074218750 -0.113281250 -0.683593750 -1.011718750 -0.683593750 -0.890625000 -0.589843750 -0.773437500 -0.597656250 -0.835937500 -0.734375000 -1.035156250 -1.253906250 -1.035156250 -1.023437500 -1.023437500 -1.386718750 -1.675781250 -1.312500000 -1.355468750 -1.203125000 -1.468750000 -1.554687500 -1.113281250 -1.226562500 -1.324218750 -1.433593750 -1.355468750 -1.296875000 -1.136718750 -1.164062500 -1.468750000 
-0.074218750 -1.386718750 -0.265625000 0.062500000 0.261718750 0.312500000 -0.246093750 -0.320312500 -0.398437500 -0.136718750 -0.597656250 -0.320312500 -0.617187500 -1.000000000 -0.367187500 -0.929687500 -0.808593750 -0.882812500 -0.742187500 -0.941406250 -0.871093750 -1.066406250 -1.136718750 -1.078125000 -1.226562500 -1.242187500 -1.324218750 -1.554687500 -1.324218750 -1.519531250 -1.214843750 -1.484375000 -1.433593750 -1.281250000 -1.164062500 -1.164062500 -1.125000000 -1.386718750 -1.449218750 -1.046875000 -1.023437500 -1.296875000 
-0.671875000 -1.714843750 -0.210937500 -0.500000000 0.191406250 0.246093750 -0.292968750 -0.632812500 -0.210937500 -0.203125000 -0.656250000 -0.242187500 -0.527343750 -1.136718750 -0.339843750 -0.437500000 -1.101562500 -1.089843750 -1.214843750 -0.632812500 -0.773437500 -0.941406250 -0.968750000 -1.054687500 -1.152343750 -1.355468750 -1.269531250 -1.468750000 -1.152343750 -1.281250000 -1.226562500 -1.519531250 -1.449218750 -1.433593750 -0.941406250 -1.066406250 -1.066406250 -1.054687500 -1.203125000 -1.214843750 -0.992187500 -1.152343750 
-0.230468750 -0.835937500 -0.238281250 -0.496093750 0.152343750 0.550781250 -0.187500000 -0.457031250 -0.152343750 -0.421875000 -0.367187500 -0.582031250 -0.882812500 -1.023437500 -0.203125000 -0.308593750 -0.507812500 -1.242187500 -1.136718750 -0.863281250 -1.023437500 -0.992187500 -1.269531250 -1.355468750 -1.761718750 -1.214843750 -1.175781250 -1.695312500 -1.203125000 -1.242187500 -1.253906250 -1.503906250 -1.449218750 -1.468750000 -1.035156250 -1.324218750 -0.992187500 -1.054687500 -0.992187500 -1.089843750 -0.949218750 -1.023437500 
-0.542968750 -1.046875000 -0.554687500 -0.726562500 -0.019531250 0.312500000 -0.632812500 -0.488281250 -0.292968750 -0.332031250 -0.402343750 -0.902343750 -0.707031250 -0.902343750 -0.375000000 -0.425781250 -0.160156250 -0.707031250 -1.066406250 -0.792968750 -0.980468750 -0.718750000 -1.242187500 -1.417968750 -1.785156250 -1.324218750 -1.136718750 -1.503906250 -1.152343750 -1.312500000 -1.187500000 -1.503906250 -1.574218750 -1.539062500 -1.125000000 -1.371093750 -1.125000000 -1.054687500 -1.101562500 -1.296875000 -1.066406250 -1.046875000 
-0.339843750 -1.089843750 -0.632812500 -0.433593750 0.078125000 0.207031250 -0.308593750 -0.484375000 -0.507812500 -0.089843750 -0.570312500 -0.863281250 -0.683593750 -0.707031250 -0.363281250 -0.597656250 -0.164062500 -0.519531250 -0.882812500 -1.152343750 -0.992187500 -0.632812500 -1.214843750 -1.417968750 -1.593750000 -1.078125000 -1.312500000 -1.296875000 -1.324218750 -1.386718750 -1.554687500 -1.484375000 -1.574218750 -1.433593750 -1.281250000 -1.417968750 -1.136718750 -1.011718750 -1.152343750 -1.175781250 -1.226562500 -0.902343750 
-0.609375000 -0.750000000 -0.871093750 -0.570312500 0.234375000 0.308593750 -0.882812500 -1.242187500 -0.179687500 0.578125000 -0.093750000 -0.855468750 -0.707031250 -0.691406250 -0.445312500 -0.726562500 -0.175781250 -0.390625000 -0.597656250 -0.882812500 -0.921875000 -0.734375000 -1.226562500 -1.386718750 -1.101562500 -1.023437500 -1.152343750 -1.417968750 -1.402343750 -1.175781250 -1.519531250 -1.371093750 -1.574218750 -1.242187500 -1.324218750 -1.503906250 -1.214843750 -1.152343750 -1.203125000 -1.187500000 -1.203125000 -0.941406250 
-0.335937500 -1.035156250 -0.542968750 0.105468750 0.531250000 -0.238281250 -0.765625000 -0.675781250 0.062500000 0.593750000 0.089843750 -0.437500000 -0.390625000 -0.683593750 -0.332031250 -0.632812500 -0.390625000 -0.519531250 -0.699218750 -0.816406250 -0.648437500 -0.843750000 -1.046875000 -0.863281250 -1.011718750 -1.226562500 -1.035156250 -1.214843750 -1.164062500 -1.089843750 -1.101562500 -1.214843750 -1.613281250 -1.433593750 -1.695312500 -1.113281250 -1.011718750 -1.101562500 -1.371093750 -1.113281250 -1.089843750 -0.816406250 
-0.335937500 -0.816406250 -0.882812500 -0.289062500 0.625000000 -0.250000000 -0.605468750 -0.191406250 0.195312500 0.699218750 -0.078125000 -0.414062500 -0.414062500 -0.468750000 0.070312500 -0.562500000 -0.359375000 -0.421875000 -0.570312500 -0.808593750 -1.296875000 -0.855468750 -1.187500000 -0.968750000 -0.980468750 -1.035156250 -0.949218750 -1.152343750 -1.214843750 -1.023437500 -1.269531250 -1.468750000 -1.503906250 -1.449218750 -1.632812500 -1.417968750 -1.187500000 -1.136718750 -1.152343750 -1.242187500 -1.164062500 -0.992187500 
-0.199218750 -0.105468750 0.039062500 -0.496093750 0.613281250 0.433593750 -0.351562500 -0.210937500 0.308593750 0.261718750 -0.589843750 -0.632812500 -0.500000000 -0.664062500 -0.437500000 -0.445312500 -0.070312500 -0.781250000 -0.664062500 -0.691406250 -0.683593750 -0.726562500 -1.402343750 -0.929687500 -1.164062500 -1.054687500 -0.921875000 -1.000000000 -1.214843750 -1.089843750 -1.035156250 -1.449218750 -1.339843750 -1.226562500 -1.484375000 -1.312500000 -1.011718750 -1.113281250 -1.046875000 -0.980468750 -0.941406250 -0.902343750 
-0.386718750 -0.519531250 0.679687500 0.292968750 1.222656250 1.410156250 0.625000000 1.214843750 0.984375000 0.863281250 -0.648437500 -0.507812500 -0.476562500 -0.464843750 -0.191406250 -0.312500000 -0.218750000 -0.871093750 -0.605468750 -0.734375000 -0.757812500 -0.726562500 -1.312500000 -0.871093750 -0.800781250 -0.617187500 -0.675781250 -0.437500000 -0.843750000 -0.800781250 -0.921875000 -1.386718750 -1.187500000 -1.226562500 -0.457031250 0.656250000 0.367187500 -0.003906250 -0.648437500 -1.000000000 -0.589843750 -0.742187500 
-0.757812500 0.261718750 1.078125000 0.351562500 1.488281250 1.550781250 1.464843750 1.984375000 0.757812500 0.488281250 0.382812500 0.183593750 -0.023437500 -0.132812500 -0.398437500 -0.468750000 -0.292968750 -0.910156250 -0.750000000 -0.929687500 -0.929687500 -0.792968750 -1.371093750 -0.179687500 -0.339843750 -0.191406250 -0.210937500 -0.011718750 -0.332031250 -0.546875000 -0.656250000 -1.253906250 -1.000000000 -0.675781250 0.234375000 1.058593750 0.804687500 0.558593750 0.019531250 -0.675781250 -0.386718750 -0.398437500 
-0.929687500 0.828125000 1.632812500 0.406250000 1.820312500 1.402343750 1.453125000 2.207031250 0.878906250 0.339843750 0.523437500 0.539062500 -0.046875000 -0.199218750 0.089843750 -0.101562500 -0.035156250 -0.671875000 -0.164062500 -0.519531250 -0.882812500 -1.054687500 -0.359375000 0.628906250 0.089843750 0.218750000 0.062500000 0.531250000 -0.046875000 -0.546875000 -0.437500000 -0.664062500 -0.683593750 -0.734375000 0.285156250 1.230468750 0.949218750 0.742187500 0.238281250 -0.453125000 -0.089843750 -0.375000000 
0.472656250 1.371093750 1.742187500 0.535156250 1.832031250 1.582031250 1.871093750 2.324218750 1.242187500 0.832031250 0.992187500 0.804687500 0.250000000 0.210937500 0.031250000 -0.019531250 0.199218750 0.175781250 -0.027343750 -0.207031250 -0.140625000 -0.292968750 0.160156250 0.855468750 0.136718750 0.519531250 -0.027343750 0.531250000 0.062500000 -0.277343750 -0.414062500 -0.464843750 -0.410156250 -0.734375000 0.273437500 1.316406250 1.062500000 0.785156250 0.437500000 -0.031250000 0.257812500 0.058593750 
0.746093750 1.550781250 1.867187500 1.023437500 1.781250000 1.605468750 1.937500000 1.851562500 0.824218750 1.304687500 0.996093750 0.671875000 0.062500000 0.136718750 0.191406250 -0.375000000 0.000000000 -0.484375000 -0.238281250 -0.375000000 -0.464843750 -0.398437500 0.035156250 1.105468750 0.593750000 0.863281250 0.464843750 0.414062500 -0.203125000 -0.488281250 -0.535156250 -0.750000000 -0.609375000 -0.781250000 0.027343750 1.218750000 0.992187500 0.628906250 0.277343750 -0.210937500 0.085937500 -0.089843750 
0.875000000 1.667968750 1.746093750 0.089843750 1.617187500 1.097656250 1.726562500 1.925781250 1.750000000 1.480468750 1.210937500 0.910156250 0.648437500 0.402343750 0.421875000 -0.011718750 0.171875000 0.062500000 0.378906250 0.183593750 -0.007812500 -0.230468750 0.675781250 1.132812500 0.625000000 1.144531250 0.554687500 0.507812500 0.011718750 -0.386718750 -0.105468750 -0.246093750 -0.210937500 -0.148437500 0.132812500 1.085937500 0.921875000 0.558593750 -0.039062500 -0.332031250 0.066406250 0.136718750 
0.468750000 1.570312500 1.894531250 0.859375000 1.636718750 1.437500000 1.472656250 1.496093750 1.933593750 1.925781250 1.207031250 0.308593750 0.175781250 0.093750000 -0.222656250 -0.046875000 -0.308593750 -0.093750000 0.144531250 -0.199218750 0.050781250 0.402343750 0.800781250 1.011718750 0.441406250 1.148437500 0.542968750 -0.027343750 -0.398437500 -0.464843750 -0.292968750 -0.152343750 -0.375000000 -0.468750000 -0.332031250 0.855468750 0.691406250 0.121093750 -0.085937500 -0.464843750 -0.175781250 -0.082031250 
-0.632812500 1.410156250 1.953125000 1.261718750 1.625000000 0.914062500 1.195312500 1.738281250 2.289062500 1.878906250 1.316406250 0.414062500 0.031250000 -0.496093750 -0.773437500 -0.929687500 -0.582031250 -0.617187500 -0.273437500 -0.359375000 0.140625000 0.468750000 1.046875000 1.015625000 0.414062500 1.117187500 0.445312500 0.046875000 -0.433593750 -0.835937500 -0.726562500 -0.597656250 -0.675781250 -0.683593750 -0.476562500 0.722656250 0.734375000 -0.011718750 -0.105468750 -0.828125000 -0.402343750 -0.437500000 
0.601562500 1.566406250 1.644531250 0.765625000 1.640625000 0.789062500 1.140625000 1.375000000 2.554687500 1.437500000 1.007812500 0.078125000 0.472656250 -0.085937500 0.113281250 -0.175781250 -0.019531250 -0.128906250 0.128906250 -0.046875000 0.648437500 0.652343750 0.886718750 1.085937500 0.593750000 1.070312500 0.296875000 -0.093750000 -0.332031250 -0.699218750 -0.574218750 -0.484375000 -0.949218750 -0.648437500 -0.453125000 0.531250000 0.667968750 -0.035156250 -0.089843750 -0.699218750 -0.386718750 -0.277343750 
0.492187500 1.175781250 1.417968750 0.820312500 1.785156250 1.359375000 1.695312500 1.722656250 2.785156250 1.863281250 1.261718750 0.937500000 0.210937500 -0.351562500 -0.648437500 -0.414062500 -0.074218750 -0.457031250 -0.757812500 -0.433593750 0.566406250 1.207031250 0.777343750 1.085937500 0.492187500 1.003906250 -0.015625000 -0.378906250 -0.554687500 -0.843750000 -0.750000000 -0.457031250 -1.089843750 -0.757812500 -0.882812500 0.234375000 0.683593750 0.218750000 -0.007812500 -0.773437500 -0.312500000 -0.281250000 
0.910156250 0.593750000 1.093750000 1.183593750 1.964843750 0.746093750 0.765625000 1.882812500 2.925781250 2.066406250 1.062500000 0.699218750 0.683593750 0.050781250 -0.910156250 -0.066406250 0.285156250 -0.359375000 -0.289062500 -0.437500000 0.738281250 1.417968750 0.609375000 0.703125000 0.507812500 0.992187500 0.062500000 -0.226562500 -0.675781250 -0.882812500 -0.882812500 -0.332031250 -1.152343750 -0.808593750 -0.597656250 -0.339843750 0.484375000 0.214843750 0.175781250 -0.500000000 -0.281250000 -0.035156250 
0.183593750 0.105468750 1.011718750 0.972656250 2.015625000 0.867187500 0.976562500 1.570312500 2.816406250 2.171875000 1.351562500 1.007812500 -0.003906250 -0.226562500 -0.011718750 0.121093750 -0.023437500 -0.242187500 -0.527343750 -0.132812500 0.843750000 1.468750000 0.875000000 0.546875000 0.351562500 0.746093750 -0.007812500 -0.546875000 -0.433593750 -0.339843750 -0.625000000 -0.289062500 -0.726562500 -0.519531250 -0.390625000 -0.410156250 0.316406250 0.554687500 0.207031250 -0.054687500 -0.031250000 0.042968750 
-0.453125000 0.445312500 1.125000000 1.320312500 1.941406250 0.761718750 0.105468750 1.605468750 2.566406250 1.375000000 1.335937500 0.617187500 0.632812500 0.542968750 0.480468750 0.265625000 0.230468750 -0.042968750 0.183593750 0.414062500 1.230468750 1.246093750 0.523437500 0.484375000 0.070312500 0.425781250 0.046875000 -0.589843750 -0.707031250 -0.597656250 -0.570312500 -0.597656250 -0.324218750 -0.445312500 -0.468750000 -0.546875000 0.375000000 0.355468750 0.140625000 -0.046875000 0.007812500 0.265625000 
-0.359375000 0.777343750 1.187500000 1.218750000 1.808593750 1.000000000 0.769531250 1.515625000 2.429687500 1.648437500 0.753906250 0.613281250 0.007812500 -0.093750000 -0.078125000 0.031250000 -0.167968750 -0.507812500 -0.324218750 0.164062500 0.953125000 1.078125000 0.320312500 0.492187500 0.046875000 0.187500000 -0.500000000 -0.968750000 -1.164062500 -1.371093750 -1.046875000 -1.125000000 -1.214843750 -1.433593750 -1.046875000 -0.863281250 -0.175781250 0.046875000 -0.402343750 -0.683593750 -0.617187500 -0.332031250 
-0.085937500 1.343750000 1.042968750 0.882812500 1.660156250 0.996093750 0.585937500 1.132812500 2.300781250 1.371093750 0.375000000 0.136718750 0.464843750 -0.089843750 -0.410156250 -0.230468750 -0.488281250 -0.218750000 -0.500000000 0.050781250 1.082031250 0.902343750 -0.074218750 0.242187500 -0.082031250 0.187500000 -0.398437500 -1.089843750 -1.203125000 -1.554687500 -1.371093750 -1.136718750 -0.968750000 -1.023437500 -1.101562500 -0.921875000 -0.187500000 0.000000000 -0.335937500 -0.664062500 -0.562500000 -0.421875000 
0.210937500 1.062500000 1.144531250 0.289062500 1.457031250 1.035156250 0.589843750 0.820312500 2.179687500 1.410156250 0.242187500 0.386718750 -0.226562500 -0.527343750 -0.640625000 -0.390625000 -0.347656250 -0.304687500 -0.773437500 -0.199218750 0.851562500 0.558593750 -0.398437500 -0.085937500 -0.281250000 -0.019531250 -0.570312500 -1.136718750 -1.242187500 -1.242187500 -1.312500000 -1.101562500 -0.890625000 -1.046875000 -1.136718750 -1.125000000 -0.457031250 -0.242187500 -0.765625000 -1.023437500 -0.707031250 -0.507812500 
0.144531250 0.800781250 0.867187500 0.246093750 0.898437500 0.933593750 0.457031250 1.003906250 1.789062500 0.851562500 -0.320312500 -0.003906250 -0.250000000 -1.226562500 -0.765625000 -0.570312500 -0.535156250 -0.800781250 -0.699218750 -0.425781250 0.750000000 0.472656250 -0.500000000 -0.734375000 -0.609375000 -0.414062500 -0.765625000 -1.296875000 -1.417968750 -1.808593750 -1.574218750 -1.226562500 -1.269531250 -1.046875000 -1.355468750 -1.675781250 -0.781250000 -0.546875000 -0.910156250 -1.175781250 -1.000000000 -0.792968750 
-0.351562500 -0.414062500 -0.039062500 0.039062500 0.242187500 0.414062500 0.527343750 0.562500000 0.503906250 0.359375000 0.074218750 -0.257812500 -0.402343750 -0.519531250 -0.792968750 -0.855468750 -0.871093750 -1.613281250 -1.882812500 -1.503906250 -1.187500000 -0.941406250 -1.695312500 -2.214843750 -2.109375000 -1.449218750 -1.214843750 -1.738281250 -2.835937500 -2.773437500 -2.980468750 -2.144531250 -1.613281250 -1.738281250 -2.410156250 -2.835937500 -2.656250000 -2.179687500 -1.738281250 -2.250000000 -1.714843750 -1.593750000 
-5.546875000 -5.546875000 -5.546875000 -5.546875000 -5.546875000 -5.546875000 -5.546875000 -5.546875000 -5.546875000 -5.546875000 -5.546875000 -5.546875000 -5.546875000 -5.546875000 -5.546875000 -5.546875000 -5.546875000 -5.546875000 -5.546875000 -5.546875000 -5.546875000 -5.546875000 -5.546875000 -5.546875000 -5.546875000 -5.546875000 -5.546875000 -5.546875000 -5.546875000 -5.546875000 -5.546875000 -5.546875000 -5.546875000 -5.546875000 -5.546875000 -5.546875000 -5.546875000 -5.546875000 -5.546875000 -5.546875000 -5.546875000 -5.546875000 
-5.546875000 -5.546875000 -5.546875000 -5.546875000 -5.546875000 -5.546875000 -5.546875000 -5.546875000 -5.546875000 -5.546875000 -5.546875000 -5.546875000 -5.546875000 -5.546875000 -5.546875000 -5.546875000 -5.546875000 -5.546875000 -5.546875000 -5.546875000 -5.546875000 -5.546875000 -5.546875000 -5.546875000 -5.546875000 -5.546875000 -5.546875000 -5.546875000 -5.546875000 -5.546875000 -5.546875000 -5.546875000 -5.546875000 -5.546875000 -5.546875000 -5.546875000 -5.546875000 -5.546875000 -5.546875000 -5.546875000 -5.546875000 -5.546875000 
-5.546875000 -5.546875000 -5.546875000 -5.546875000 -5.546875000 -5.546875000 -5.546875000 -5.546875000 -5.546875000 -5.546875000 -5.546875000 -5.546875000 -5.546875000 -5.546875000 -5.546875000 -5.546875000 -5.546875000 -5.546875000 -5.546875000 -5.546875000 -5.546875000 -5.546875000 -5.546875000 -5.546875000 -5.546875000 -5.546875000 -5.546875000 -5.546875000 -5.546875000 -5.546875000 -5.546875000 -5.546875000 -5.546875000 -5.546875000 -5.546875000 -5.546875000 -5.546875000 -5.546875000 -5.546875000 -5.546875000 -5.546875000 -5.546875000 
-5.546875000 -5.546875000 -5.546875000 -5.546875000 -5.546875000 -5.546875000 -5.546875000 -5.546875000 -5.546875000 -5.546875000 -5.546875000 -5.546875000 -5.546875000 -5.546875000 -5.546875000 -5.546875000 -5.546875000 -5.546875000 -5.546875000 -5.546875000 -5.546875000 -5.546875000 -5.546875000 -5.546875000 -5.546875000 -5.546875000 -5.546875000 -5.546875000 -5.546875000 -5.546875000 -5.546875000 -5.546875000 -5.546875000 -5.546875000 -5.546875000 -5.546875000 -5.546875000 -5.546875000 -5.546875000 -5.546875000 -5.546875000 -5.546875000 
-5.546875000 -5.546875000 -5.546875000 -5.546875000 -5.546875000 -5.546875000 -5.546875000 -5.546875000 -5.546875000 -5.546875000 -5.546875000 -5.546875000 -5.546875000 -5.546875000 -5.546875000 -5.546875000 -5.546875000 -5.546875000 -5.546875000 -5.546875000 -5.546875000 -5.546875000 -5.546875000 -5.546875000 -5.546875000 -5.546875000 -5.546875000 -5.546875000 -5.546875000 -5.546875000 -5.546875000 -5.546875000 -5.546875000 -5.546875000 -5.546875000 -5.546875000 -5.546875000 -5.546875000 -5.546875000 -5.546875000 -5.546875000 -5.546875000 
-5.546875000 -5.546875000 -5.546875000 -5.546875000 -5.546875000 -5.546875000 -5.546875000 -5.546875000 -5.546875000 -5.546875000 -5.546875000 -5.546875000 -5.546875000 -5.546875000 -5.546875000 -5.546875000 -5.546875000 -5.546875000 -5.546875000 -5.546875000 -5.546875000 -5.546875000 -5.546875000 -5.546875000 -5.546875000 -5.546875000 -5.546875000 -5.546875000 -5.546875000 -5.546875000 -5.546875000 -5.546875000 -5.546875000 -5.546875000 -5.546875000 -5.546875000 -5.546875000 -5.546875000 -5.546875000 -5.546875000 -5.546875000 -5.546875000 
-5.546875000 -5.546875000 -5.546875000 -5.546875000 -5.546875000 -5.546875000 -5.546875000 -5.546875000 -5.546875000 -5.546875000 -5.546875000 -5.546875000 -5.546875000 -5.546875000 -5.546875000 -5.546875000 -5.546875000 -5.546875000 -5.546875000 -5.546875000 -5.546875000 -5.546875000 -5.546875000 -5.546875000 -5.546875000 -5.546875000 -5.546875000 -5.546875000 -5.546875000 -5.546875000 -5.546875000 -5.546875000 -5.546875000 -5.546875000 -5.546875000 -5.546875000 -5.546875000 -5.546875000 -5.546875000 -5.546875000 -5.546875000 -5.546875000 
-5.546875000 -5.546875000 -5.546875000 -5.546875000 -5.546875000 -5.546875000 -5.546875000 -5.546875000 -5.546875000 -5.546875000 -5.546875000 -5.546875000 -5.546875000 -5.546875000 -5.546875000 -5.546875000 -5.546875000 -5.546875000 -5.546875000 -5.546875000 -5.546875000 -5.546875000 -5.546875000 -5.546875000 -5.546875000 -5.546875000 -5.546875000 -5.546875000 -5.546875000 -5.546875000 -5.546875000 -5.546875000 -5.546875000 -5.546875000 -5.546875000 -5.546875000 -5.546875000 -5.546875000 -5.546875000 -5.546875000 -5.546875000 -5.546875000 
-5.546875000 -5.546875000 -5.546875000 -5.546875000 -5.546875000 -5.546875000 -5.546875000 -5.546875000 -5.546875000 -5.546875000 -5.546875000 -5.546875000 -5.546875000 -5.546875000 -5.546875000 -5.546875000 -5.546875000 -5.546875000 -5.546875000 -5.546875000 -5.546875000 -5.546875000 -5.546875000 -5.546875000 -5.546875000 -5.546875000 -5.546875000 -5.546875000 -5.546875000 -5.546875000 -5.546875000 -5.546875000 -5.546875000 -5.546875000 -5.546875000 -5.546875000 -5.546875000 -5.546875000 -5.546875000 -5.546875000 -5.546875000 -5.546875000 
-5.546875000 -5.546875000 -5.546875000 -5.546875000 -5.546875000 -5.546875000 -5.546875000 -5.546875000 -5.546875000 -5.546875000 -5.546875000 -5.546875000 -5.546875000 -5.546875000 -5.546875000 -5.546875000 -5.546875000 -5.546875000 -5.546875000 -5.546875000 -5.546875000 -5.546875000 -5.546875000 -5.546875000 -5.546875000 -5.546875000 -5.546875000 -5.546875000 -5.546875000 -5.546875000 -5.546875000 -5.546875000 -5.546875000 -5.546875000 -5.546875000 -5.546875000 -5.546875000 -5.546875000 -5.546875000 -5.546875000 -5.546875000 -5.546875000 
-5.546875000 -5.546875000 -5.546875000 -5.546875000 -5.546875000 -5.546875000 -5.546875000 -5.546875000 -5.546875000 -5.546875000 -5.546875000 -5.546875000 -5.546875000 -5.546875000 -5.546875000 -5.546875000 -5.546875000 -5.546875000 -5.546875000 -5.546875000 -5.546875000 -5.546875000 -5.546875000 -5.546875000 -5.546875000 -5.546875000 -5.546875000 -5.546875000 -5.546875000 -5.546875000 -5.546875000 -5.546875000 -5.546875000 -5.546875000 -5.546875000 -5.546875000 -5.546875000 -5.546875000 -5.546875000 -5.546875000 -5.546875000 -5.546875000 
-5.546875000 -5.546875000 -5.546875000 -5.546875000 -5.546875000 -5.546875000 -5.546875000 -5.546875000 -5.546875000 -5.546875000 -5.546875000 -5.546875000 -5.546875000 -5.546875000 -5.546875000 -5.546875000 -5.546875000 -5.546875000 -5.546875000 -5.546875000 -5.546875000 -5.546875000 -5.546875000 -5.546875000 -5.546875000 -5.546875000 -5.546875000 -5.546875000 -5.546875000 -5.546875000 -5.546875000 -5.546875000 -5.546875000 -5.546875000 -5.546875000 -5.546875000 -5.546875000 -5.546875000 -5.546875000 -5.546875000 -5.546875000 -5.546875000 
-5.546875000 -5.546875000 -5.546875000 -5.546875000 -5.546875000 -5.546875000 -5.546875000 -5.546875000 -5.546875000 -5.546875000 -5.546875000 -5.546875000 -5.546875000 -5.546875000 -5.546875000 -5.546875000 -5.546875000 -5.546875000 -5.546875000 -5.546875000 -5.546875000 -5.546875000 -5.546875000 -5.546875000 -5.546875000 -5.546875000 -5.546875000 -5.546875000 -5.546875000 -5.546875000 -5.546875000 -5.546875000 -5.546875000 -5.546875000 -5.546875000 -5.546875000 -5.546875000 -5.546875000 -5.546875000 -5.546875000 -5.546875000 -5.546875000 
-5.546875000 -5.546875000 -5.546875000 -5.546875000 -5.546875000 -5.546875000 -5.546875000 -5.546875000 -5.546875000 -5.546875000 -5.546875000 -5.546875000 -5.546875000 -5.546875000 -5.546875000 -5.546875000 -5.546875000 -5.546875000 -5.546875000 -5.546875000 -5.546875000 -5.546875000 -5.546875000 -5.546875000 -5.546875000 -5.546875000 -5.546875000 -5.546875000 -5.546875000 -5.546875000 -5.546875000 -5.546875000 -5.546875000 -5.546875000 -5.546875000 -5.546875000 -5.546875000 -5.546875000 -5.546875000 -5.546875000 -5.546875000 -5.546875000 
-5.546875000 -5.546875000 -5.546875000 -5.546875000 -5.546875000 -5.546875000 -5.546875000 -5.546875000 -5.546875000 -5.546875000 -5.546875000 -5.546875000 -5.546875000 -5.546875000 -5.546875000 -5.546875000 -5.546875000 -5.546875000 -5.546875000 -5.546875000 -5.546875000 -5.546875000 -5.546875000 -5.546875000 -5.546875000 -5.546875000 -5.546875000 -5.546875000 -5.546875000 -5.546875000 -5.546875000 -5.546875000 -5.546875000 -5.546875000 -5.546875000 -5.546875000 -5.546875000 -5.546875000 -5.546875000 -5.546875000 -5.546875000 -5.546875000 
-5.546875000 -5.546875000 -5.546875000 -5.546875000 -5.546875000 -5.546875000 -5.546875000 -5.546875000 -5.546875000 -5.546875000 -5.546875000 -5.546875000 -5.546875000 -5.546875000 -5.546875000 -5.546875000 -5.546875000 -5.546875000 -5.546875000 -5.546875000 -5.546875000 -5.546875000 -5.546875000 -5.546875000 -5.546875000 -5.546875000 -5.546875000 -5.546875000 -5.546875000 -5.546875000 -5.546875000 -5.546875000 -5.546875000 -5.546875000 -5.546875000 -5.546875000 -5.546875000 -5.546875000 -5.546875000 -5.546875000 -5.546875000 -5.546875000 
-5.546875000 -5.546875000 -5.546875000 -5.546875000 -5.546875000 -5.546875000 -5.546875000 -5.546875000 -5.546875000 -5.546875000 -5.546875000 -5.546875000 -5.546875000 -5.546875000 -5.546875000 -5.546875000 -5.546875000 -5.546875000 -5.546875000 -5.546875000 -5.546875000 -5.546875000 -5.546875000 -5.546875000 -5.546875000 -5.546875000 -5.546875000 -5.546875000 -5.546875000 -5.546875000 -5.546875000 -5.546875000 -5.546875000 -5.546875000 -5.546875000 -5.546875000 -5.546875000 -5.546875000 -5.546875000 -5.546875000 -5.546875000 -5.546875000 
-5.546875000 -5.546875000 -5.546875000 -5.546875000 -5.546875000 -5.546875000 -5.546875000 -5.546875000 -5.546875000 -5.546875000 -5.546875000 -5.546875000 -5.546875000 -5.546875000 -5.546875000 -5.546875000 -5.546875000 -5.546875000 -5.546875000 -5.546875000 -5.546875000 -5.546875000 -5.546875000 -5.546875000 -5.546875000 -5.546875000 -5.546875000 -5.546875000 -5.546875000 -5.546875000 -5.546875000 -5.546875000 -5.546875000 -5.546875000 -5.546875000 -5.546875000 -5.546875000 -5.546875000 -5.546875000 -5.546875000 -5.546875000 -5.546875000 
-5.546875000 -5.546875000 -5.546875000 -5.546875000 -5.546875000 -5.546875000 -5.546875000 -5.546875000 -5.546875000 -5.546875000 -5.546875000 -5.546875000 -5.546875000 -5.546875000 -5.546875000 -5.546875000 -5.546875000 -5.546875000 -5.546875000 -5.546875000 -5.546875000 -5.546875000 -5.546875000 -5.546875000 -5.546875000 -5.546875000 -5.546875000 -5.546875000 -5.546875000 -5.546875000 -5.546875000 -5.546875000 -5.546875000 -5.546875000 -5.546875000 -5.546875000 -5.546875000 -5.546875000 -5.546875000 -5.546875000 -5.546875000 -5.546875000 
-5.546875000 -5.546875000 -5.546875000 -5.546875000 -5.546875000 -5.546875000 -5.546875000 -5.546875000 -5.546875000 -5.546875000 -5.546875000 -5.546875000 -5.546875000 -5.546875000 -5.546875000 -5.546875000 -5.546875000 -5.546875000 -5.546875000 -5.546875000 -5.546875000 -5.546875000 -5.546875000 -5.546875000 -5.546875000 -5.546875000 -5.546875000 -5.546875000 -5.546875000 -5.546875000 -5.546875000 -5.546875000 -5.546875000 -5.546875000 -5.546875000 -5.546875000 -5.546875000 -5.546875000 -5.546875000 -5.546875000 -5.546875000 -5.546875000 
-5.546875000 -5.546875000 -5.546875000 -5.546875000 -5.546875000 -5.546875000 -5.546875000 -5.546875000 -5.546875000 -5.546875000 -5.546875000 -5.546875000 -5.546875000 -5.546875000 -5.546875000 -5.546875000 -5.546875000 -5.546875000 -5.546875000 -5.546875000 -5.546875000 -5.546875000 -5.546875000 -5.546875000 -5.546875000 -5.546875000 -5.546875000 -5.546875000 -5.546875000 -5.546875000 -5.546875000 -5.546875000 -5.546875000 -5.546875000 -5.546875000 -5.546875000 -5.546875000 -5.546875000 -5.546875000 -5.546875000 -5.546875000 -5.546875000 
-5.546875000 -5.546875000 -5.546875000 -5.546875000 -5.546875000 -5.546875000 -5.546875000 -5.546875000 -5.546875000 -5.546875000 -5.546875000 -5.546875000 -5.546875000 -5.546875000 -5.546875000 -5.546875000 -5.546875000 -5.546875000 -5.546875000 -5.546875000 -5.546875000 -5.546875000 -5.546875000 -5.546875000 -5.546875000 -5.546875000 -5.546875000 -5.546875000 -5.546875000 -5.546875000 -5.546875000 -5.546875000 -5.546875000 -5.546875000 -5.546875000 -5.546875000 -5.546875000 -5.546875000 -5.546875000 -5.546875000 -5.546875000 -5.546875000 
-5.546875000 -5.546875000 -5.546875000 -5.546875000 -5.546875000 -5.546875000 -5.546875000 -5.546875000 -5.546875000 -5.546875000 -5.546875000 -5.546875000 -5.546875000 -5.546875000 -5.546875000 -5.546875000 -5.546875000 -5.546875000 -5.546875000 -5.546875000 -5.546875000 -5.546875000 -5.546875000 -5.546875000 -5.546875000 -5.546875000 -5.546875000 -5.546875000 -5.546875000 -5.546875000 -5.546875000 -5.546875000 -5.546875000 -5.546875000 -5.546875000 -5.546875000 -5.546875000 -5.546875000 -5.546875000 -5.546875000 -5.546875000 -5.546875000 
-5.546875000 -5.546875000 -5.546875000 -5.546875000 -5.546875000 -5.546875000 -5.546875000 -5.546875000 -5.546875000 -5.546875000 -5.546875000 -5.546875000 -5.546875000 -5.546875000 -5.546875000 -5.546875000 -5.546875000 -5.546875000 -5.546875000 -5.546875000 -5.546875000 -5.546875000 -5.546875000 -5.546875000 -5.546875000 -5.546875000 -5.546875000 -5.546875000 -5.546875000 -5.546875000 -5.546875000 -5.546875000 -5.546875000 -5.546875000 -5.546875000 -5.546875000 -5.546875000 -5.546875000 -5.546875000 -5.546875000 -5.546875000 -5.546875000 
-5.546875000 -5.546875000 -5.546875000 -5.546875000 -5.546875000 -5.546875000 -5.546875000 -5.546875000 -5.546875000 -5.546875000 -5.546875000 -5.546875000 -5.546875000 -5.546875000 -5.546875000 -5.546875000 -5.546875000 -5.546875000 -5.546875000 -5.546875000 -5.546875000 -5.546875000 -5.546875000 -5.546875000 -5.546875000 -5.546875000 -5.546875000 -5.546875000 -5.546875000 -5.546875000 -5.546875000 -5.546875000 -5.546875000 -5.546875000 -5.546875000 -5.546875000 -5.546875000 -5.546875000 -5.546875000 -5.546875000 -5.546875000 -5.546875000 
-5.546875000 -5.546875000 -5.546875000 -5.546875000 -5.546875000 -5.546875000 -5.546875000 -5.546875000 -5.546875000 -5.546875000 -5.546875000 -5.546875000 -5.546875000 -5.546875000 -5.546875000 -5.546875000 -5.546875000 -5.546875000 -5.546875000 -5.546875000 -5.546875000 -5.546875000 -5.546875000 -5.546875000 -5.546875000 -5.546875000 -5.546875000 -5.546875000 -5.546875000 -5.546875000 -5.546875000 -5.546875000 -5.546875000 -5.546875000 -5.546875000 -5.546875000 -5.546875000 -5.546875000 -5.546875000 -5.546875000 -5.546875000 -5.546875000 
-5.546875000 -5.546875000 -5.546875000 -5.546875000 -5.546875000 -5.546875000 -5.546875000 -5.546875000 -5.546875000 -5.546875000 -5.546875000 -5.546875000 -5.546875000 -5.546875000 -5.546875000 -5.546875000 -5.546875000 -5.546875000 -5.546875000 -5.546875000 -5.546875000 -5.546875000 -5.546875000 -5.546875000 -5.546875000 -5.546875000 -5.546875000 -5.546875000 -5.546875000 -5.546875000 -5.546875000 -5.546875000 -5.546875000 -5.546875000 -5.546875000 -5.546875000 -5.546875000 -5.546875000 -5.546875000 -5.546875000 -5.546875000 -5.546875000 
-5.546875000 -5.546875000 -5.546875000 -5.546875000 -5.546875000 -5.546875000 -5.546875000 -5.546875000 -5.546875000 -5.546875000 -5.546875000 -5.546875000 -5.546875000 -5.546875000 -5.546875000 -5.546875000 -5.546875000 -5.546875000 -5.546875000 -5.546875000 -5.546875000 -5.546875000 -5.546875000 -5.546875000 -5.546875000 -5.546875000 -5.546875000 -5.546875000 -5.546875000 -5.546875000 -5.546875000 -5.546875000 -5.546875000 -5.546875000 -5.546875000 -5.546875000 -5.546875000 -5.546875000 -5.546875000 -5.546875000 -5.546875000 -5.546875000 
-5.546875000 -5.546875000 -5.546875000 -5.546875000 -5.546875000 -5.546875000 -5.546875000 -5.546875000 -5.546875000 -5.546875000 -5.546875000 -5.546875000 -5.546875000 -5.546875000 -5.546875000 -5.546875000 -5.546875000 -5.546875000 -5.546875000 -5.546875000 -5.546875000 -5.546875000 -5.546875000 -5.546875000 -5.546875000 -5.546875000 -5.546875000 -5.546875000 -5.546875000 -5.546875000 -5.546875000 -5.546875000 -5.546875000 -5.546875000 -5.546875000 -5.546875000 -5.546875000 -5.546875000 -5.546875000 -5.546875000 -5.546875000 -5.546875000 
-5.546875000 -5.546875000 -5.546875000 -5.546875000 -5.546875000 -5.546875000 -5.546875000 -5.546875000 -5.546875000 -5.546875000 -5.546875000 -5.546875000 -5.546875000 -5.546875000 -5.546875000 -5.546875000 -5.546875000 -5.546875000 -5.546875000 -5.546875000 -5.546875000 -5.546875000 -5.546875000 -5.546875000 -5.546875000 -5.546875000 -5.546875000 -5.546875000 -5.546875000 -5.546875000 -5.546875000 -5.546875000 -5.546875000 -5.546875000 -5.546875000 -5.546875000 -5.546875000 -5.546875000 -5.546875000 -5.546875000 -5.546875000 -5.546875000 
-5.546875000 -5.546875000 -5.546875000 -5.546875000 -5.546875000 -5.546875000 -5.546875000 -5.546875000 -5.546875000 -5.546875000 -5.546875000 -5.546875000 -5.546875000 -5.546875000 -5.546875000 -5.546875000 -5.546875000 -5.546875000 -5.546875000 -5.546875000 -5.546875000 -5.546875000 -5.546875000 -5.546875000 -5.546875000 -5.546875000 -5.546875000 -5.546875000 -5.546875000 -5.546875000 -5.546875000 -5.546875000 -5.546875000 -5.546875000 -5.546875000 -5.546875000 -5.546875000 -5.546875000 -5.546875000 -5.546875000 -5.546875000 -5.546875000 
-5.546875000 -5.546875000 -5.546875000 -5.546875000 -5.546875000 -5.546875000 -5.546875000 -5.546875000 -5.546875000 -5.546875000 -5.546875000 -5.546875000 -5.546875000 -5.546875000 -5.546875000 -5.546875000 -5.546875000 -5.546875000 -5.546875000 -5.546875000 -5.546875000 -5.546875000 -5.546875000 -5.546875000 -5.546875000 -5.546875000 -5.546875000 -5.546875000 -5.546875000 -5.546875000 -5.546875000 -5.546875000 -5.546875000 -5.546875000 -5.546875000 -5.546875000 -5.546875000 -5.546875000 -5.546875000 -5.546875000 -5.546875000 -5.546875000 
-5.546875000 -5.546875000 -5.546875000 -5.546875000 -5.546875000 -5.546875000 -5.546875000 -5.546875000 -5.546875000 -5.546875000 -5.546875000 -5.546875000 -5.546875000 -5.546875000 -5.546875000 -5.546875000 -5.546875000 -5.546875000 -5.546875000 -5.546875000 -5.546875000 -5.546875000 -5.546875000 -5.546875000 -5.546875000 -5.546875000 -5.546875000 -5.546875000 -5.546875000 -5.546875000 -5.546875000 -5.546875000 -5.546875000 -5.546875000 -5.546875000 -5.546875000 -5.546875000 -5.546875000 -5.546875000 -5.546875000 -5.546875000 -5.546875000 
-5.546875000 -5.546875000 -5.546875000 -5.546875000 -5.546875000 -5.546875000 -5.546875000 -5.546875000 -5.546875000 -5.546875000 -5.546875000 -5.546875000 -5.546875000 -5.546875000 -5.546875000 -5.546875000 -5.546875000 -5.546875000 -5.546875000 -5.546875000 -5.546875000 -5.546875000 -5.546875000 -5.546875000 -5.546875000 -5.546875000 -5.546875000 -5.546875000 -5.546875000 -5.546875000 -5.546875000 -5.546875000 -5.546875000 -5.546875000 -5.546875000 -5.546875000 -5.546875000 -5.546875000 -5.546875000 -5.546875000 -5.546875000 -5.546875000 
-5.546875000 -5.546875000 -5.546875000 -5.546875000 -5.546875000 -5.546875000 -5.546875000 -5.546875000 -5.546875000 -5.546875000 -5.546875000 -5.546875000 -5.546875000 -5.546875000 -5.546875000 -5.546875000 -5.546875000 -5.546875000 -5.546875000 -5.546875000 -5.546875000 -5.546875000 -5.546875000 -5.546875000 -5.546875000 -5.546875000 -5.546875000 -5.546875000 -5.546875000 -5.546875000 -5.546875000 -5.546875000 -5.546875000 -5.546875000 -5.546875000 -5.546875000 -5.546875000 -5.546875000 -5.546875000 -5.546875000 -5.546875000 -5.546875000 
-5.546875000 -5.546875000 -5.546875000 -5.546875000 -5.546875000 -5.546875000 -5.546875000 -5.546875000 -5.546875000 -5.546875000 -5.546875000 -5.546875000 -5.546875000 -5.546875000 -5.546875000 -5.546875000 -5.546875000 -5.546875000 -5.546875000 -5.546875000 -5.546875000 -5.546875000 -5.546875000 -5.546875000 -5.546875000 -5.546875000 -5.546875000 -5.546875000 -5.546875000 -5.546875000 -5.546875000 -5.546875000 -5.546875000 -5.546875000 -5.546875000 -5.546875000 -5.546875000 -5.546875000 -5.546875000 -5.546875000 -5.546875000 -5.546875000 

