0.000000000 0.000000000 0.000000000 0.000000000 0.000000000 0.000000000 0.000000000 0.000000000 0.000000000 0.000000000 0.000000000 0.000000000 0.000000000 0.000000000 0.000000000 0.000000000 0.000000000 0.000000000 0.007812500 0.019531250 0.015625000 0.019531250 0.019531250 0.019531250 0.023437500 0.023437500 0.027343750 0.027343750 0.027343750 0.031250000 0.031250000 0.015625000 0.000000000 0.000000000 0.000000000 0.000000000 0.000000000 0.000000000 0.000000000 0.007812500 0.054687500 0.062500000 
0.000000000 0.000000000 0.000000000 0.000000000 0.000000000 0.000000000 0.000000000 0.000000000 0.000000000 0.000000000 0.000000000 0.000000000 0.000000000 0.000000000 0.000000000 0.000000000 0.000000000 0.000000000 0.007812500 0.019531250 0.015625000 0.019531250 0.019531250 0.019531250 0.023437500 0.023437500 0.027343750 0.027343750 0.027343750 0.031250000 0.031250000 0.015625000 0.000000000 0.000000000 0.000000000 0.000000000 0.000000000 0.000000000 0.000000000 0.007812500 0.054687500 0.062500000 
0.000000000 0.000000000 0.000000000 0.000000000 0.000000000 0.000000000 0.000000000 0.000000000 0.000000000 0.000000000 0.000000000 0.000000000 0.000000000 0.000000000 0.000000000 0.000000000 0.000000000 0.000000000 0.000000000 0.000000000 0.000000000 0.000000000 0.000000000 0.000000000 0.000000000 0.000000000 0.000000000 0.000000000 0.000000000 0.000000000 0.000000000 0.000000000 0.000000000 0.000000000 0.000000000 0.000000000 0.000000000 0.000000000 0.000000000 0.000000000 0.000000000 0.000000000 
0.000000000 0.000000000 0.000000000 0.000000000 0.000000000 0.000000000 0.000000000 0.000000000 0.000000000 0.000000000 0.000000000 0.000000000 0.000000000 0.000000000 0.000000000 0.000000000 0.000000000 0.000000000 0.000000000 0.000000000 0.000000000 0.000000000 0.000000000 0.000000000 0.000000000 0.000000000 0.000000000 0.000000000 0.000000000 0.000000000 0.000000000 0.000000000 0.000000000 0.000000000 0.000000000 0.000000000 0.000000000 0.000000000 0.000000000 0.000000000 0.000000000 0.000000000 
0.000000000 0.000000000 0.000000000 0.000000000 0.000000000 0.000000000 0.000000000 0.000000000 0.000000000 0.000000000 0.000000000 0.000000000 0.000000000 0.000000000 0.000000000 0.000000000 0.000000000 0.000000000 0.000000000 0.000000000 0.000000000 0.000000000 0.000000000 0.000000000 0.000000000 0.000000000 0.000000000 0.000000000 0.000000000 0.000000000 0.000000000 0.000000000 0.000000000 0.000000000 0.000000000 0.000000000 0.000000000 0.000000000 0.000000000 0.000000000 0.000000000 0.000000000 
0.000000000 0.000000000 0.000000000 0.000000000 0.000000000 0.000000000 0.000000000 0.000000000 0.000000000 0.000000000 0.000000000 0.000000000 0.000000000 0.000000000 0.000000000 0.000000000 0.000000000 0.000000000 0.000000000 0.000000000 0.000000000 0.000000000 0.000000000 0.000000000 0.000000000 0.000000000 0.000000000 0.000000000 0.000000000 0.000000000 0.000000000 0.000000000 0.000000000 0.000000000 0.000000000 0.000000000 0.000000000 0.000000000 0.000000000 0.000000000 0.000000000 0.000000000 
0.000000000 0.000000000 0.000000000 0.000000000 0.000000000 0.000000000 0.000000000 0.000000000 0.000000000 0.000000000 0.000000000 0.000000000 0.000000000 0.000000000 0.000000000 0.000000000 0.000000000 0.000000000 0.000000000 0.000000000 0.000000000 0.000000000 0.000000000 0.000000000 0.000000000 0.000000000 0.000000000 0.000000000 0.000000000 0.000000000 0.000000000 0.000000000 0.000000000 0.000000000 0.000000000 0.000000000 0.000000000 0.000000000 0.000000000 0.000000000 0.000000000 0.000000000 
0.000000000 0.000000000 0.000000000 0.000000000 0.000000000 0.000000000 0.000000000 0.000000000 0.000000000 0.000000000 0.000000000 0.000000000 0.000000000 0.000000000 0.000000000 0.000000000 0.000000000 0.000000000 0.000000000 0.000000000 0.000000000 0.000000000 0.000000000 0.000000000 0.000000000 0.000000000 0.000000000 0.000000000 0.000000000 0.000000000 0.000000000 0.000000000 0.000000000 0.000000000 0.000000000 0.000000000 0.000000000 0.000000000 0.000000000 0.000000000 0.000000000 0.000000000 
0.000000000 0.000000000 0.000000000 0.000000000 0.000000000 0.000000000 0.000000000 0.000000000 0.000000000 0.000000000 0.000000000 0.000000000 0.000000000 0.000000000 0.000000000 0.000000000 0.000000000 0.000000000 0.000000000 0.000000000 0.000000000 0.000000000 0.000000000 0.000000000 0.000000000 0.000000000 0.000000000 0.000000000 0.000000000 0.000000000 0.000000000 0.000000000 0.000000000 0.000000000 0.000000000 0.000000000 0.000000000 0.000000000 0.000000000 0.000000000 0.000000000 0.000000000 
0.000000000 0.000000000 0.000000000 0.000000000 0.000000000 0.000000000 0.000000000 0.000000000 0.000000000 0.000000000 0.000000000 0.000000000 0.000000000 0.000000000 0.000000000 0.000000000 0.000000000 0.000000000 0.000000000 0.000000000 0.000000000 0.000000000 0.000000000 0.000000000 0.000000000 0.000000000 0.000000000 0.000000000 0.000000000 0.000000000 0.000000000 0.000000000 0.000000000 0.000000000 0.000000000 0.000000000 0.000000000 0.000000000 0.000000000 0.000000000 0.000000000 0.000000000 
0.000000000 0.000000000 0.000000000 0.000000000 0.000000000 0.000000000 0.000000000 0.000000000 0.000000000 0.000000000 0.000000000 0.000000000 0.000000000 0.000000000 0.000000000 0.000000000 0.000000000 0.000000000 0.000000000 0.000000000 0.000000000 0.000000000 0.000000000 0.000000000 0.000000000 0.000000000 0.000000000 0.000000000 0.000000000 0.000000000 0.000000000 0.000000000 0.000000000 0.000000000 0.000000000 0.000000000 0.000000000 0.000000000 0.000000000 0.000000000 0.000000000 0.000000000 
0.000000000 0.000000000 0.000000000 0.000000000 0.000000000 0.000000000 0.000000000 0.000000000 0.000000000 0.000000000 0.000000000 0.000000000 0.000000000 0.000000000 0.000000000 0.000000000 0.000000000 0.000000000 0.000000000 0.000000000 0.000000000 0.000000000 0.000000000 0.000000000 0.000000000 0.000000000 0.000000000 0.000000000 0.000000000 0.000000000 0.000000000 0.000000000 0.000000000 0.000000000 0.000000000 0.000000000 0.000000000 0.000000000 0.000000000 0.000000000 0.000000000 0.000000000 
0.000000000 0.000000000 0.000000000 0.000000000 0.000000000 0.000000000 0.000000000 0.000000000 0.000000000 0.000000000 0.000000000 0.000000000 0.000000000 0.000000000 0.000000000 0.000000000 0.000000000 0.000000000 0.000000000 0.000000000 0.000000000 0.000000000 0.000000000 0.000000000 0.000000000 0.000000000 0.000000000 0.000000000 0.000000000 0.000000000 0.000000000 0.000000000 0.000000000 0.000000000 0.000000000 0.000000000 0.000000000 0.000000000 0.000000000 0.000000000 0.000000000 0.000000000 
0.000000000 0.000000000 0.000000000 0.000000000 0.000000000 0.000000000 0.000000000 0.000000000 0.000000000 0.000000000 0.000000000 0.000000000 0.000000000 0.000000000 0.000000000 0.000000000 0.000000000 0.000000000 0.000000000 0.000000000 0.000000000 0.000000000 0.000000000 0.000000000 0.000000000 0.000000000 0.000000000 0.000000000 0.000000000 0.000000000 0.000000000 0.000000000 0.000000000 0.000000000 0.000000000 0.000000000 0.000000000 0.000000000 0.000000000 0.000000000 0.000000000 0.000000000 
0.000000000 0.000000000 0.000000000 0.000000000 0.000000000 0.000000000 0.000000000 0.000000000 0.000000000 0.000000000 0.000000000 0.000000000 0.000000000 0.000000000 0.000000000 0.000000000 0.000000000 0.000000000 0.000000000 0.000000000 0.000000000 0.000000000 0.000000000 0.000000000 0.000000000 0.000000000 0.000000000 0.000000000 0.000000000 0.000000000 0.000000000 0.000000000 0.000000000 0.000000000 0.000000000 0.000000000 0.000000000 0.000000000 0.000000000 0.000000000 0.000000000 0.000000000 
0.000000000 0.000000000 0.000000000 0.000000000 0.000000000 0.000000000 0.000000000 0.000000000 0.000000000 0.000000000 0.000000000 0.000000000 0.000000000 0.000000000 0.000000000 0.000000000 0.000000000 0.000000000 0.000000000 0.000000000 0.000000000 0.000000000 0.000000000 0.000000000 0.000000000 0.000000000 0.000000000 0.000000000 0.000000000 0.000000000 0.000000000 0.000000000 0.000000000 0.000000000 0.000000000 0.000000000 0.000000000 0.000000000 0.000000000 0.000000000 0.000000000 0.000000000 
0.000000000 0.000000000 0.000000000 0.000000000 0.000000000 0.000000000 0.000000000 0.000000000 0.000000000 0.000000000 0.000000000 0.000000000 0.000000000 0.000000000 0.000000000 0.000000000 0.000000000 0.000000000 0.000000000 0.000000000 0.000000000 0.000000000 0.000000000 0.000000000 0.000000000 0.000000000 0.000000000 0.000000000 0.000000000 0.000000000 0.000000000 0.000000000 0.000000000 0.000000000 0.000000000 0.000000000 0.000000000 0.000000000 0.000000000 0.000000000 0.000000000 0.000000000 
0.000000000 0.000000000 0.000000000 0.000000000 0.000000000 0.000000000 0.000000000 0.000000000 0.000000000 0.000000000 0.000000000 0.000000000 0.000000000 0.000000000 0.000000000 0.000000000 0.000000000 0.000000000 0.000000000 0.000000000 0.000000000 0.000000000 0.000000000 0.000000000 0.000000000 0.000000000 0.000000000 0.000000000 0.000000000 0.000000000 0.000000000 0.000000000 0.000000000 0.000000000 0.000000000 0.000000000 0.000000000 0.000000000 0.000000000 0.000000000 0.000000000 0.000000000 
0.000000000 0.000000000 0.000000000 0.000000000 0.000000000 0.000000000 0.000000000 0.000000000 0.000000000 0.000000000 0.000000000 0.000000000 0.000000000 0.000000000 0.000000000 0.000000000 0.000000000 0.000000000 0.000000000 0.000000000 0.000000000 0.000000000 0.000000000 0.000000000 0.000000000 0.000000000 0.000000000 0.000000000 0.000000000 0.000000000 0.000000000 0.000000000 0.000000000 0.000000000 0.000000000 0.000000000 0.000000000 0.000000000 0.000000000 0.000000000 0.000000000 0.000000000 
0.000000000 0.000000000 0.000000000 0.000000000 0.000000000 0.000000000 0.000000000 0.000000000 0.000000000 0.000000000 0.000000000 0.000000000 0.000000000 0.000000000 0.000000000 0.000000000 0.000000000 0.000000000 0.000000000 0.000000000 0.000000000 0.000000000 0.000000000 0.000000000 0.000000000 0.000000000 0.000000000 0.000000000 0.000000000 0.000000000 0.000000000 0.000000000 0.000000000 0.000000000 0.000000000 0.000000000 0.000000000 0.000000000 0.000000000 0.000000000 0.000000000 0.000000000 
0.000000000 0.000000000 0.000000000 0.000000000 0.000000000 0.000000000 0.000000000 0.000000000 0.000000000 0.000000000 0.000000000 0.000000000 0.000000000 0.000000000 0.000000000 0.000000000 0.000000000 0.000000000 0.000000000 0.000000000 0.000000000 0.000000000 0.000000000 0.000000000 0.000000000 0.000000000 0.000000000 0.000000000 0.000000000 0.000000000 0.000000000 0.000000000 0.000000000 0.000000000 0.000000000 0.000000000 0.000000000 0.000000000 0.000000000 0.000000000 0.000000000 0.000000000 
0.000000000 0.000000000 0.000000000 0.000000000 0.000000000 0.000000000 0.000000000 0.000000000 0.000000000 0.000000000 0.000000000 0.000000000 0.000000000 0.000000000 0.000000000 0.000000000 0.000000000 0.000000000 0.000000000 0.000000000 0.000000000 0.000000000 0.000000000 0.000000000 0.000000000 0.000000000 0.000000000 0.000000000 0.000000000 0.000000000 0.000000000 0.000000000 0.000000000 0.000000000 0.000000000 0.000000000 0.000000000 0.000000000 0.000000000 0.000000000 0.000000000 0.000000000 
0.000000000 0.000000000 0.000000000 0.000000000 0.000000000 0.000000000 0.000000000 0.000000000 0.000000000 0.000000000 0.000000000 0.000000000 0.000000000 0.000000000 0.000000000 0.000000000 0.000000000 0.000000000 0.000000000 0.000000000 0.000000000 0.000000000 0.000000000 0.000000000 0.000000000 0.000000000 0.000000000 0.000000000 0.000000000 0.000000000 0.000000000 0.000000000 0.000000000 0.000000000 0.000000000 0.000000000 0.000000000 0.000000000 0.000000000 0.000000000 0.000000000 0.000000000 
0.000000000 0.000000000 0.000000000 0.000000000 0.000000000 0.000000000 0.000000000 0.000000000 0.000000000 0.000000000 0.000000000 0.000000000 0.000000000 0.000000000 0.000000000 0.000000000 0.000000000 0.000000000 0.000000000 0.000000000 0.000000000 0.000000000 0.000000000 0.000000000 0.000000000 0.000000000 0.000000000 0.000000000 0.000000000 0.000000000 0.000000000 0.000000000 0.000000000 0.000000000 0.000000000 0.000000000 0.000000000 0.000000000 0.000000000 0.000000000 0.000000000 0.000000000 
0.000000000 0.000000000 0.000000000 0.000000000 0.000000000 0.000000000 0.000000000 0.000000000 0.000000000 0.000000000 0.000000000 0.000000000 0.000000000 0.000000000 0.000000000 0.000000000 0.000000000 0.000000000 0.000000000 0.000000000 0.000000000 0.000000000 0.000000000 0.000000000 0.000000000 0.000000000 0.000000000 0.000000000 0.000000000 0.000000000 0.000000000 0.000000000 0.000000000 0.000000000 0.000000000 0.000000000 0.000000000 0.000000000 0.000000000 0.000000000 0.000000000 0.000000000 
0.000000000 0.000000000 0.000000000 0.000000000 0.000000000 0.000000000 0.000000000 0.000000000 0.000000000 0.000000000 0.000000000 0.000000000 0.000000000 0.000000000 0.000000000 0.000000000 0.000000000 0.000000000 0.000000000 0.000000000 0.000000000 0.000000000 0.000000000 0.000000000 0.000000000 0.000000000 0.000000000 0.000000000 0.000000000 0.000000000 0.000000000 0.000000000 0.000000000 0.000000000 0.000000000 0.000000000 0.000000000 0.000000000 0.000000000 0.000000000 0.000000000 0.000000000 
0.000000000 0.000000000 0.000000000 0.000000000 0.000000000 0.000000000 0.000000000 0.000000000 0.000000000 0.000000000 0.000000000 0.000000000 0.000000000 0.000000000 0.000000000 0.000000000 0.000000000 0.000000000 0.000000000 0.000000000 0.000000000 0.000000000 0.000000000 0.000000000 0.000000000 0.000000000 0.000000000 0.000000000 0.000000000 0.000000000 0.000000000 0.000000000 0.000000000 0.000000000 0.000000000 0.000000000 0.000000000 0.000000000 0.000000000 0.000000000 0.000000000 0.000000000 
0.000000000 0.000000000 0.000000000 0.000000000 0.000000000 0.000000000 0.000000000 0.000000000 0.000000000 0.000000000 0.000000000 0.000000000 0.000000000 0.000000000 0.000000000 0.000000000 0.000000000 0.000000000 0.000000000 0.000000000 0.000000000 0.000000000 0.000000000 0.000000000 0.000000000 0.000000000 0.000000000 0.000000000 0.000000000 0.000000000 0.000000000 0.000000000 0.000000000 0.000000000 0.000000000 0.000000000 0.000000000 0.000000000 0.000000000 0.000000000 0.000000000 0.000000000 
0.000000000 0.000000000 0.000000000 0.000000000 0.000000000 0.000000000 0.000000000 0.000000000 0.000000000 0.000000000 0.000000000 0.000000000 0.000000000 0.000000000 0.000000000 0.000000000 0.000000000 0.000000000 0.000000000 0.000000000 0.000000000 0.000000000 0.000000000 0.000000000 0.000000000 0.000000000 0.000000000 0.000000000 0.000000000 0.000000000 0.000000000 0.000000000 0.000000000 0.000000000 0.000000000 0.000000000 0.000000000 0.000000000 0.000000000 0.000000000 0.000000000 0.000000000 
0.000000000 0.000000000 0.000000000 0.000000000 0.000000000 0.000000000 0.000000000 0.000000000 0.000000000 0.000000000 0.000000000 0.000000000 0.000000000 0.000000000 0.000000000 0.000000000 0.000000000 0.000000000 0.000000000 0.000000000 0.000000000 0.000000000 0.000000000 0.000000000 0.000000000 0.000000000 0.000000000 0.000000000 0.000000000 0.000000000 0.000000000 0.000000000 0.000000000 0.000000000 0.000000000 0.000000000 0.000000000 0.000000000 0.000000000 0.000000000 0.000000000 0.000000000 
0.000000000 0.000000000 0.000000000 0.000000000 0.000000000 0.000000000 0.000000000 0.000000000 0.000000000 0.000000000 0.000000000 0.000000000 0.000000000 0.000000000 0.000000000 0.000000000 0.000000000 0.000000000 0.000000000 0.000000000 0.000000000 0.000000000 0.000000000 0.000000000 0.000000000 0.000000000 0.000000000 0.000000000 0.000000000 0.000000000 0.000000000 0.000000000 0.000000000 0.000000000 0.000000000 0.000000000 0.000000000 0.000000000 0.000000000 0.000000000 0.000000000 0.000000000 
0.000000000 0.000000000 0.000000000 0.000000000 0.000000000 0.000000000 0.000000000 0.000000000 0.000000000 0.000000000 0.000000000 0.000000000 0.000000000 0.000000000 0.000000000 0.000000000 0.000000000 0.000000000 0.000000000 0.000000000 0.000000000 0.000000000 0.000000000 0.000000000 0.000000000 0.000000000 0.000000000 0.000000000 0.000000000 0.000000000 0.000000000 0.000000000 0.000000000 0.000000000 0.000000000 0.000000000 0.000000000 0.000000000 0.000000000 0.000000000 0.000000000 0.000000000 
0.000000000 0.000000000 0.000000000 0.000000000 0.000000000 0.000000000 0.000000000 0.000000000 0.000000000 0.000000000 0.000000000 0.000000000 0.000000000 0.000000000 0.000000000 0.000000000 0.000000000 0.000000000 0.000000000 0.000000000 0.000000000 0.000000000 0.000000000 0.000000000 0.000000000 0.000000000 0.000000000 0.000000000 0.000000000 0.000000000 0.000000000 0.000000000 0.000000000 0.000000000 0.000000000 0.000000000 0.000000000 0.000000000 0.000000000 0.000000000 0.000000000 0.000000000 
0.000000000 0.000000000 0.000000000 0.000000000 0.000000000 0.000000000 0.000000000 0.000000000 0.000000000 0.000000000 0.000000000 0.000000000 0.000000000 0.000000000 0.000000000 0.000000000 0.000000000 0.000000000 0.000000000 0.000000000 0.000000000 0.000000000 0.000000000 0.000000000 0.000000000 0.000000000 0.000000000 0.000000000 0.000000000 0.000000000 0.000000000 0.000000000 0.000000000 0.000000000 0.000000000 0.000000000 0.000000000 0.000000000 0.000000000 0.000000000 0.000000000 0.000000000 
0.000000000 0.000000000 0.000000000 0.000000000 0.000000000 0.000000000 0.000000000 0.000000000 0.000000000 0.000000000 0.000000000 0.000000000 0.000000000 0.000000000 0.000000000 0.000000000 0.000000000 0.000000000 0.000000000 0.000000000 0.000000000 0.000000000 0.000000000 0.000000000 0.000000000 0.000000000 0.000000000 0.000000000 0.000000000 0.000000000 0.000000000 0.000000000 0.000000000 0.000000000 0.000000000 0.000000000 0.000000000 0.000000000 0.000000000 0.000000000 0.000000000 0.000000000 
0.078125000 0.070312500 0.085937500 0.074218750 0.082031250 0.082031250 0.085937500 0.078125000 0.078125000 0.070312500 0.070312500 0.050781250 0.039062500 0.023437500 0.011718750 0.000000000 0.000000000 0.011718750 0.031250000 0.031250000 0.035156250 0.031250000 0.011718750 0.000000000 0.000000000 0.007812500 0.027343750 0.027343750 0.000000000 0.000000000 0.000000000 0.000000000 0.000000000 0.000000000 0.000000000 0.000000000 0.000000000 0.000000000 0.000000000 0.000000000 0.000000000 0.000000000 
6.324218750 6.730468750 10.300781250 10.394531250 9.742187500 8.554687500 9.871093750 9.242187500 6.175781250 4.523437500 3.558593750 2.140625000 1.226562500 1.441406250 1.433593750 1.492187500 1.187500000 0.781250000 0.859375000 1.445312500 1.886718750 1.710937500 2.953125000 5.367187500 7.605468750 7.152343750 5.171875000 3.042968750 6.875000000 10.785156250 10.078125000 6.738281250 2.671875000 1.257812500 0.742187500 0.511718750 0.433593750 0.324218750 0.351562500 0.378906250 0.363281250 0.359375000 
8.253906250 12.132812500 9.980468750 16.531250000 13.968750000 26.328125000 25.390625000 22.960937500 9.054687500 5.917968750 4.273437500 2.785156250 3.105468750 3.191406250 2.585937500 2.015625000 2.097656250 2.343750000 1.750000000 2.617187500 4.187500000 2.953125000 5.136718750 12.429687500 20.785156250 13.824218750 4.621093750 5.660156250 5.164062500 19.035156250 27.863281250 16.496093750 6.203125000 3.890625000 3.347656250 3.132812500 2.941406250 3.464843750 2.671875000 2.773437500 2.812500000 2.890625000 
7.593750000 19.359375000 10.226562500 19.503906250 13.453125000 37.347656250 26.570312500 26.277343750 6.906250000 3.414062500 1.816406250 1.734375000 1.589843750 0.988281250 1.117187500 1.058593750 0.730468750 1.000000000 1.089843750 2.632812500 3.335937500 5.007812500 8.527343750 15.105468750 28.457031250 16.929687500 4.417968750 8.054687500 7.527343750 29.257812500 39.359375000 16.906250000 1.511718750 0.726562500 0.460937500 0.476562500 0.707031250 1.343750000 0.609375000 0.394531250 0.347656250 0.414062500 
11.984375000 24.906250000 12.277343750 24.324218750 19.679687500 41.703125000 25.972656250 30.121093750 6.980468750 2.320312500 2.078125000 1.894531250 1.664062500 2.152343750 1.210937500 0.875000000 0.589843750 0.851562500 1.277343750 2.183593750 3.816406250 5.632812500 12.707031250 18.339843750 31.054687500 21.023437500 6.929687500 11.105468750 12.550781250 37.824218750 43.902343750 20.132812500 5.218750000 3.480468750 2.671875000 2.492187500 2.515625000 2.644531250 2.222656250 2.203125000 2.121093750 2.242187500 
12.023437500 28.273437500 15.074218750 24.921875000 20.437500000 41.335937500 25.585937500 25.976562500 10.570312500 6.023437500 5.398437500 4.191406250 4.625000000 4.328125000 3.546875000 4.042968750 3.820312500 3.722656250 3.753906250 3.726562500 4.277343750 5.996093750 16.972656250 18.843750000 35.472656250 33.167968750 13.691406250 15.613281250 15.531250000 43.015625000 41.085937500 22.597656250 5.089843750 3.027343750 3.164062500 3.101562500 2.957031250 3.082031250 3.523437500 3.343750000 3.429687500 3.546875000 
17.753906250 28.492187500 17.230468750 21.062500000 13.289062500 39.968750000 18.277343750 31.222656250 13.441406250 9.953125000 8.605468750 7.394531250 6.832031250 5.675781250 5.625000000 4.984375000 4.859375000 4.925781250 5.031250000 4.722656250 6.601562500 8.089843750 19.566406250 16.960937500 27.226562500 32.980468750 19.496093750 24.507812500 21.843750000 49.156250000 43.718750000 17.996093750 3.992187500 1.359375000 1.167968750 1.402343750 1.855468750 2.167968750 1.554687500 1.589843750 1.664062500 1.882812500 
20.726562500 28.093750000 17.882812500 18.933593750 16.640625000 41.488281250 17.539062500 37.246093750 10.382812500 7.550781250 6.390625000 5.550781250 4.164062500 3.945312500 2.902343750 3.105468750 2.937500000 2.910156250 2.925781250 3.511718750 3.824218750 4.718750000 19.250000000 22.089843750 23.519531250 31.535156250 26.941406250 31.382812500 24.785156250 54.656250000 45.152343750 21.390625000 6.675781250 3.855468750 3.750000000 3.449218750 3.472656250 3.625000000 3.425781250 3.328125000 3.300781250 3.378906250 
17.820312500 30.457031250 18.457031250 20.425781250 16.339843750 42.539062500 24.207031250 40.035156250 8.476562500 7.746093750 4.671875000 4.417968750 4.015625000 3.988281250 4.019531250 3.183593750 2.929687500 2.605468750 2.617187500 2.542968750 2.445312500 3.988281250 18.566406250 23.789062500 20.265625000 23.976562500 28.773437500 38.613281250 24.562500000 53.441406250 43.957031250 18.785156250 4.886718750 3.863281250 3.601562500 3.511718750 3.656250000 4.218750000 3.816406250 3.816406250 3.968750000 4.164062500 
14.437500000 33.937500000 25.195312500 22.953125000 17.394531250 43.542968750 21.664062500 38.207031250 9.660156250 5.667968750 3.640625000 2.070312500 2.031250000 1.578125000 1.394531250 1.121093750 0.722656250 0.742187500 0.546875000 1.585937500 1.152343750 2.109375000 14.859375000 21.636718750 17.550781250 17.808593750 27.820312500 39.445312500 24.230468750 53.929687500 42.785156250 17.640625000 4.597656250 2.722656250 1.644531250 1.226562500 1.468750000 2.273437500 1.066406250 0.898437500 0.820312500 0.808593750 
17.050781250 35.136718750 21.890625000 23.113281250 15.773437500 46.507812500 23.105468750 28.984375000 8.296875000 4.472656250 3.648437500 2.820312500 1.664062500 1.929687500 1.398437500 1.367187500 0.949218750 1.070312500 1.171875000 1.886718750 1.773437500 3.093750000 9.718750000 18.804687500 15.765625000 16.468750000 23.253906250 42.218750000 25.292968750 49.093750000 39.062500000 15.683593750 5.066406250 2.593750000 1.679687500 1.492187500 1.835937500 2.265625000 1.410156250 1.183593750 1.109375000 1.152343750 
15.417968750 32.769531250 23.410156250 23.671875000 15.917968750 45.246093750 15.375000000 20.867187500 6.937500000 3.484375000 3.074218750 3.382812500 2.125000000 2.343750000 2.003906250 2.007812500 1.785156250 1.816406250 1.753906250 2.070312500 2.128906250 3.523437500 8.914062500 18.730468750 19.167968750 17.675781250 20.750000000 42.492187500 26.429687500 45.988281250 36.906250000 14.625000000 3.621093750 2.480468750 1.847656250 1.726562500 2.019531250 2.691406250 1.621093750 1.679687500 1.753906250 1.832031250 
13.566406250 29.117187500 20.839843750 25.691406250 12.554687500 42.425781250 9.855468750 14.765625000 6.953125000 4.085937500 3.523437500 2.812500000 3.019531250 2.355468750 2.156250000 2.207031250 1.753906250 1.820312500 1.535156250 1.640625000 1.292968750 1.507812500 6.437500000 16.257812500 18.441406250 16.492187500 16.097656250 39.726562500 23.675781250 40.601562500 32.707031250 13.089843750 3.800781250 2.808593750 2.488281250 2.437500000 2.488281250 3.296875000 2.289062500 2.402343750 2.464843750 2.523437500 
14.316406250 27.640625000 18.617187500 28.914062500 16.613281250 41.851562500 13.296875000 7.253906250 2.703125000 3.648437500 2.886718750 3.058593750 2.464843750 2.722656250 2.695312500 2.199218750 2.242187500 2.214843750 1.902343750 2.332031250 2.148437500 2.703125000 6.250000000 17.058593750 17.925781250 12.968750000 15.296875000 35.746093750 22.851562500 35.476562500 28.968750000 14.265625000 5.019531250 3.925781250 3.390625000 3.062500000 2.785156250 3.660156250 3.484375000 3.453125000 3.539062500 3.667968750 
17.101562500 28.851562500 16.578125000 30.609375000 17.437500000 38.167968750 9.007812500 6.378906250 1.992187500 2.019531250 2.218750000 2.179687500 2.054687500 1.871093750 1.519531250 1.550781250 1.648437500 1.507812500 1.101562500 1.082031250 1.367187500 1.375000000 3.656250000 16.136718750 14.558593750 9.238281250 13.011718750 29.644531250 17.300781250 28.503906250 23.761718750 13.640625000 3.597656250 2.824218750 2.359375000 2.285156250 2.390625000 2.933593750 2.511718750 2.503906250 2.371093750 2.429687500 
15.238281250 29.109375000 17.300781250 31.050781250 16.691406250 31.984375000 9.511718750 5.261718750 2.613281250 1.503906250 0.964843750 0.933593750 0.519531250 0.550781250 0.878906250 0.851562500 0.710937500 0.625000000 0.605468750 0.617187500 0.820312500 0.906250000 3.500000000 12.398437500 13.179687500 7.707031250 9.535156250 21.449218750 12.628906250 20.523437500 21.046875000 10.753906250 1.777343750 1.179687500 0.941406250 0.941406250 1.242187500 1.898437500 0.976562500 0.867187500 0.777343750 0.812500000 
12.316406250 26.644531250 21.410156250 28.718750000 18.175781250 24.347656250 6.437500000 4.449218750 1.636718750 0.621093750 0.437500000 0.320312500 0.218750000 0.246093750 0.375000000 0.335937500 0.164062500 0.226562500 0.144531250 0.281250000 0.441406250 0.738281250 3.417968750 8.398437500 9.441406250 5.757812500 7.128906250 15.207031250 8.652343750 18.433593750 18.644531250 10.804687500 1.261718750 0.398437500 0.191406250 0.285156250 0.921875000 1.332031250 0.328125000 0.300781250 0.320312500 0.320312500 
10.832031250 20.617187500 13.867187500 21.324218750 15.875000000 17.847656250 6.800781250 2.671875000 1.132812500 0.773437500 0.425781250 0.214843750 0.218750000 0.285156250 0.351562500 0.300781250 0.367187500 0.355468750 0.238281250 0.398437500 0.519531250 0.882812500 3.699218750 6.507812500 6.796875000 5.117187500 4.542968750 9.390625000 6.554687500 11.238281250 11.957031250 7.742187500 1.453125000 0.656250000 0.539062500 0.578125000 0.851562500 0.933593750 0.496093750 0.507812500 0.554687500 0.480468750 
7.453125000 10.910156250 13.746093750 14.636718750 12.257812500 10.757812500 4.761718750 4.316406250 2.230468750 2.234375000 1.789062500 1.621093750 1.433593750 1.277343750 1.296875000 1.257812500 1.187500000 1.160156250 1.144531250 1.128906250 0.929687500 1.082031250 2.292968750 3.839843750 5.246093750 4.273437500 4.121093750 5.976562500 5.316406250 8.972656250 8.996093750 6.121093750 0.972656250 0.503906250 0.632812500 0.582031250 0.781250000 0.917968750 0.691406250 0.777343750 0.929687500 0.816406250 
3.906250000 9.972656250 5.003906250 7.347656250 3.597656250 6.746093750 3.339843750 3.691406250 1.777343750 1.121093750 1.019531250 0.910156250 0.855468750 0.816406250 0.789062500 0.777343750 0.781250000 0.753906250 0.718750000 0.738281250 0.789062500 0.664062500 2.093750000 2.777343750 2.011718750 1.179687500 1.875000000 2.773437500 2.742187500 5.210937500 4.050781250 1.707031250 0.617187500 0.378906250 0.519531250 0.496093750 0.511718750 0.609375000 0.550781250 0.562500000 0.566406250 0.531250000 
3.253906250 8.304687500 7.503906250 6.472656250 5.621093750 5.957031250 1.722656250 2.449218750 0.632812500 0.347656250 0.167968750 0.136718750 0.210937500 0.152343750 0.121093750 0.128906250 0.140625000 0.093750000 0.113281250 0.136718750 0.312500000 0.707031250 1.117187500 1.949218750 2.070312500 1.410156250 2.054687500 2.476562500 1.976562500 5.101562500 3.949218750 1.402343750 0.390625000 0.238281250 0.222656250 0.214843750 0.199218750 0.261718750 0.308593750 0.269531250 0.246093750 0.222656250 
2.750000000 5.992187500 3.703125000 5.117187500 3.769531250 5.269531250 1.101562500 2.078125000 0.316406250 0.210937500 0.136718750 0.105468750 0.136718750 0.152343750 0.078125000 0.085937500 0.125000000 0.117187500 0.113281250 0.191406250 0.296875000 0.625000000 0.898437500 1.871093750 1.714843750 1.210937500 1.882812500 2.167968750 1.742187500 4.539062500 3.800781250 1.093750000 0.238281250 0.218750000 0.234375000 0.203125000 0.242187500 0.289062500 0.230468750 0.253906250 0.269531250 0.273437500 
2.222656250 5.136718750 3.023437500 4.640625000 2.710937500 4.769531250 0.964843750 2.222656250 0.539062500 0.312500000 0.175781250 0.210937500 0.214843750 0.164062500 0.101562500 0.082031250 0.156250000 0.132812500 0.054687500 0.117187500 0.246093750 0.566406250 1.015625000 1.187500000 1.000000000 0.871093750 1.578125000 1.714843750 1.132812500 3.191406250 2.218750000 0.753906250 0.187500000 0.187500000 0.210937500 0.242187500 0.277343750 0.289062500 0.343750000 0.304687500 0.355468750 0.355468750 
1.968750000 3.718750000 3.394531250 4.183593750 2.667968750 4.683593750 0.851562500 2.238281250 0.593750000 0.441406250 0.343750000 0.273437500 0.230468750 0.234375000 0.210937500 0.160156250 0.199218750 0.156250000 0.152343750 0.191406250 0.171875000 0.343750000 1.062500000 1.125000000 0.800781250 0.742187500 1.070312500 1.476562500 1.324218750 2.050781250 1.878906250 0.625000000 0.253906250 0.253906250 0.261718750 0.324218750 0.257812500 0.261718750 0.277343750 0.289062500 0.320312500 0.347656250 
0.558593750 2.070312500 2.523437500 3.953125000 2.421875000 4.070312500 1.128906250 2.035156250 0.738281250 0.503906250 0.398437500 0.363281250 0.316406250 0.335937500 0.281250000 0.257812500 0.273437500 0.250000000 0.261718750 0.250000000 0.203125000 0.355468750 1.070312500 0.816406250 0.800781250 0.683593750 1.242187500 1.492187500 0.988281250 2.031250000 1.644531250 0.675781250 0.355468750 0.332031250 0.289062500 0.351562500 0.289062500 0.339843750 0.351562500 0.367187500 0.269531250 0.355468750 
0.535156250 2.214843750 1.621093750 3.035156250 1.460937500 3.148437500 1.218750000 1.382812500 0.218750000 0.093750000 0.054687500 0.089843750 0.109375000 0.070312500 0.101562500 0.128906250 0.058593750 0.070312500 0.140625000 0.070312500 0.128906250 0.250000000 0.714843750 0.562500000 0.765625000 0.628906250 0.960937500 1.066406250 0.746093750 1.898437500 1.542968750 0.574218750 0.277343750 0.246093750 0.214843750 0.300781250 0.242187500 0.281250000 0.273437500 0.289062500 0.371093750 0.273437500 
0.527343750 2.355468750 1.683593750 2.531250000 1.464843750 2.785156250 0.894531250 1.078125000 0.191406250 0.136718750 0.078125000 0.085937500 0.093750000 0.062500000 0.054687500 0.054687500 0.046875000 0.066406250 0.097656250 0.074218750 0.085937500 0.167968750 0.386718750 0.628906250 0.828125000 0.566406250 0.882812500 0.953125000 0.761718750 1.632812500 1.343750000 0.519531250 0.207031250 0.199218750 0.207031250 0.250000000 0.246093750 0.222656250 0.203125000 0.339843750 0.273437500 0.292968750 
0.800781250 2.339843750 1.539062500 2.734375000 1.417968750 2.425781250 0.636718750 0.761718750 0.199218750 0.066406250 0.050781250 0.066406250 0.066406250 0.054687500 0.062500000 0.054687500 0.050781250 0.066406250 0.074218750 0.074218750 0.105468750 0.160156250 0.339843750 0.597656250 0.656250000 0.367187500 0.570312500 0.757812500 0.703125000 1.007812500 1.160156250 0.445312500 0.179687500 0.210937500 0.187500000 0.242187500 0.207031250 0.207031250 0.250000000 0.332031250 0.304687500 0.292968750 
0.539062500 1.980468750 1.527343750 2.703125000 1.589843750 2.550781250 0.539062500 0.589843750 0.406250000 0.246093750 0.250000000 0.207031250 0.207031250 0.246093750 0.203125000 0.210937500 0.191406250 0.183593750 0.144531250 0.175781250 0.132812500 0.183593750 0.347656250 0.468750000 0.414062500 0.300781250 0.531250000 0.546875000 0.617187500 0.898437500 0.984375000 0.468750000 0.269531250 0.242187500 0.179687500 0.300781250 0.289062500 0.269531250 0.300781250 0.347656250 0.289062500 0.359375000 
0.664062500 1.730468750 1.167968750 2.308593750 1.734375000 2.320312500 0.425781250 0.625000000 0.351562500 0.156250000 0.152343750 0.238281250 0.273437500 0.136718750 0.128906250 0.121093750 0.109375000 0.121093750 0.113281250 0.117187500 0.144531250 0.152343750 0.351562500 0.582031250 0.398437500 0.406250000 0.507812500 0.585937500 0.667968750 1.125000000 0.933593750 0.500000000 0.582031250 0.363281250 0.214843750 0.238281250 0.253906250 0.269531250 0.246093750 0.296875000 0.332031250 0.339843750 
0.468750000 1.507812500 0.937500000 1.687500000 1.449218750 2.484375000 0.871093750 0.484375000 0.218750000 0.179687500 0.128906250 0.128906250 0.121093750 0.105468750 0.109375000 0.101562500 0.105468750 0.132812500 0.074218750 0.093750000 0.066406250 0.117187500 0.558593750 0.667968750 0.914062500 0.492187500 0.468750000 0.628906250 0.609375000 1.144531250 0.675781250 1.019531250 1.273437500 1.171875000 1.417968750 0.683593750 0.761718750 1.210937500 0.261718750 0.222656250 0.277343750 0.332031250 
0.437500000 1.320312500 1.394531250 1.363281250 1.105468750 2.417968750 1.015625000 0.542968750 0.187500000 0.167968750 0.109375000 0.082031250 0.117187500 0.128906250 0.085937500 0.105468750 0.066406250 0.093750000 0.101562500 0.085937500 0.101562500 0.140625000 0.625000000 0.773437500 1.050781250 0.578125000 0.656250000 1.367187500 0.917968750 1.511718750 1.335937500 3.015625000 3.253906250 3.324218750 2.351562500 0.882812500 1.652343750 2.082031250 0.546875000 0.234375000 0.304687500 0.472656250 
0.394531250 1.078125000 1.289062500 1.496093750 1.023437500 1.683593750 0.906250000 0.582031250 0.164062500 0.171875000 0.203125000 0.132812500 0.105468750 0.171875000 0.179687500 0.140625000 0.070312500 0.082031250 0.121093750 0.128906250 0.136718750 0.160156250 0.601562500 0.839843750 1.160156250 0.886718750 1.031250000 2.281250000 1.371093750 1.402343750 1.394531250 4.125000000 4.980468750 4.050781250 4.359375000 2.007812500 2.496093750 2.843750000 0.851562500 0.445312500 0.328125000 0.640625000 
0.410156250 0.859375000 1.082031250 1.488281250 0.621093750 0.867187500 0.835937500 0.648437500 0.250000000 0.222656250 0.167968750 0.101562500 0.121093750 0.195312500 0.207031250 0.105468750 0.117187500 0.121093750 0.097656250 0.136718750 0.121093750 0.187500000 0.488281250 0.839843750 0.992187500 0.875000000 1.238281250 2.714843750 1.347656250 1.375000000 2.453125000 6.714843750 7.238281250 4.929687500 5.875000000 2.480468750 3.390625000 3.554687500 1.417968750 0.890625000 0.777343750 1.152343750 
0.136718750 0.710937500 0.949218750 1.312500000 0.593750000 0.746093750 0.398437500 0.691406250 0.226562500 0.125000000 0.152343750 0.144531250 0.179687500 0.195312500 0.234375000 0.062500000 0.085937500 0.101562500 0.152343750 0.175781250 0.167968750 0.179687500 0.617187500 0.554687500 0.949218750 1.156250000 1.253906250 2.636718750 1.687500000 1.351562500 2.582031250 8.382812500 8.476562500 5.371093750 5.445312500 3.003906250 4.390625000 4.527343750 1.304687500 0.875000000 0.851562500 1.078125000 
0.160156250 0.699218750 0.589843750 1.253906250 0.656250000 0.796875000 0.464843750 0.539062500 0.230468750 0.101562500 0.089843750 0.078125000 0.136718750 0.339843750 0.183593750 0.156250000 0.125000000 0.128906250 0.109375000 0.214843750 0.292968750 0.234375000 0.570312500 0.628906250 0.816406250 1.054687500 1.074218750 2.644531250 1.515625000 3.062500000 3.484375000 9.695312500 11.132812500 6.671875000 5.765625000 3.328125000 3.773437500 5.082031250 2.726562500 0.656250000 0.453125000 1.015625000 
0.089843750 0.656250000 0.738281250 1.148437500 0.402343750 0.617187500 0.460937500 0.445312500 0.207031250 0.152343750 0.070312500 0.039062500 0.183593750 0.308593750 0.246093750 0.117187500 0.089843750 0.042968750 0.050781250 0.117187500 0.191406250 0.207031250 0.515625000 0.726562500 0.785156250 1.066406250 1.496093750 2.652343750 1.265625000 3.039062500 4.988281250 15.347656250 12.875000000 8.417968750 4.632812500 3.359375000 3.746093750 5.609375000 3.117187500 0.667968750 0.566406250 0.996093750 
0.132812500 0.589843750 0.464843750 0.996093750 0.378906250 0.273437500 0.441406250 0.437500000 0.218750000 0.089843750 0.050781250 0.039062500 0.179687500 0.261718750 0.128906250 0.105468750 0.062500000 0.074218750 0.109375000 0.148437500 0.097656250 0.226562500 0.425781250 0.738281250 1.066406250 0.917968750 1.289062500 2.667968750 1.078125000 3.250000000 7.250000000 17.812500000 13.257812500 9.253906250 6.023437500 2.855468750 2.472656250 4.984375000 3.308593750 0.921875000 0.781250000 0.769531250 
0.132812500 0.382812500 0.496093750 0.746093750 0.277343750 0.308593750 0.449218750 0.320312500 0.164062500 0.058593750 0.058593750 0.078125000 0.082031250 0.156250000 0.199218750 0.144531250 0.054687500 0.156250000 0.179687500 0.167968750 0.121093750 0.269531250 0.503906250 0.976562500 1.066406250 0.839843750 1.531250000 2.554687500 1.343750000 2.550781250 6.925781250 16.394531250 13.277343750 9.199218750 5.921875000 2.566406250 2.195312500 4.152343750 3.195312500 1.199218750 0.890625000 0.980468750 
0.109375000 0.277343750 0.214843750 0.722656250 0.398437500 0.281250000 0.253906250 0.238281250 0.246093750 0.109375000 0.066406250 0.109375000 0.136718750 0.128906250 0.097656250 0.097656250 0.164062500 0.257812500 0.214843750 0.210937500 0.156250000 0.402343750 0.644531250 0.855468750 0.921875000 0.921875000 1.296875000 2.113281250 1.019531250 2.160156250 9.652343750 14.226562500 13.968750000 6.464843750 5.445312500 2.085937500 2.003906250 3.183593750 2.148437500 0.937500000 0.746093750 0.777343750 
0.058593750 0.152343750 0.171875000 0.714843750 0.308593750 0.312500000 0.296875000 0.109375000 0.140625000 0.105468750 0.101562500 0.152343750 0.187500000 0.191406250 0.152343750 0.128906250 0.160156250 0.207031250 0.199218750 0.097656250 0.148437500 0.304687500 0.617187500 0.605468750 0.699218750 1.371093750 1.718750000 1.679687500 1.277343750 1.906250000 8.402343750 11.953125000 13.820312500 4.898437500 2.371093750 1.441406250 2.015625000 2.699218750 1.828125000 0.562500000 0.453125000 0.578125000 
0.027343750 0.117187500 0.160156250 0.671875000 0.269531250 0.210937500 0.425781250 0.207031250 0.203125000 0.085937500 0.066406250 0.136718750 0.156250000 0.160156250 0.207031250 0.160156250 0.128906250 0.152343750 0.156250000 0.148437500 0.167968750 0.410156250 0.527343750 0.468750000 0.523437500 1.351562500 1.667968750 2.066406250 1.992187500 3.285156250 8.492187500 10.734375000 9.617187500 3.597656250 2.476562500 1.550781250 1.414062500 2.574218750 1.089843750 0.496093750 0.414062500 0.535156250 
0.046875000 0.136718750 0.105468750 0.535156250 0.296875000 0.152343750 0.386718750 0.292968750 0.187500000 0.074218750 0.066406250 0.128906250 0.207031250 0.218750000 0.128906250 0.179687500 0.171875000 0.164062500 0.109375000 0.136718750 0.242187500 0.523437500 0.640625000 0.480468750 0.566406250 1.484375000 1.980468750 1.765625000 1.742187500 5.421875000 5.503906250 5.792968750 5.675781250 1.777343750 1.316406250 0.984375000 0.789062500 1.660156250 0.757812500 0.402343750 0.355468750 0.445312500 
0.082031250 0.109375000 0.140625000 0.472656250 0.246093750 0.117187500 0.382812500 0.273437500 0.109375000 0.105468750 0.074218750 0.066406250 0.183593750 0.187500000 0.082031250 0.101562500 0.046875000 0.105468750 0.082031250 0.093750000 0.152343750 0.511718750 0.597656250 0.437500000 0.417968750 1.324218750 2.046875000 1.664062500 1.687500000 5.304687500 4.121093750 3.937500000 4.253906250 1.484375000 1.347656250 0.867187500 0.656250000 1.191406250 0.468750000 0.222656250 0.253906250 0.285156250 
0.039062500 0.078125000 0.242187500 0.378906250 0.148437500 0.273437500 0.183593750 0.207031250 0.355468750 0.214843750 0.097656250 0.121093750 0.226562500 0.214843750 0.156250000 0.078125000 0.082031250 0.128906250 0.121093750 0.132812500 0.210937500 0.570312500 0.585937500 0.527343750 0.445312500 1.019531250 1.433593750 1.441406250 1.703125000 4.875000000 1.699218750 2.507812500 1.421875000 0.957031250 0.906250000 0.546875000 0.378906250 0.562500000 0.347656250 0.230468750 0.269531250 0.261718750 
0.113281250 0.296875000 0.425781250 0.289062500 0.148437500 0.230468750 0.238281250 0.210937500 0.300781250 0.152343750 0.121093750 0.078125000 0.097656250 0.195312500 0.144531250 0.121093750 0.105468750 0.109375000 0.078125000 0.093750000 0.132812500 0.246093750 0.304687500 0.406250000 0.320312500 0.835937500 0.765625000 1.089843750 1.214843750 2.796875000 1.125000000 1.414062500 1.242187500 0.937500000 0.562500000 0.308593750 0.308593750 0.445312500 0.289062500 0.203125000 0.285156250 0.269531250 
0.113281250 0.414062500 0.355468750 0.402343750 0.203125000 0.214843750 0.257812500 0.179687500 0.296875000 0.136718750 0.128906250 0.109375000 0.093750000 0.175781250 0.140625000 0.089843750 0.078125000 0.097656250 0.074218750 0.070312500 0.144531250 0.250000000 0.238281250 0.359375000 0.222656250 0.425781250 0.414062500 0.605468750 0.917968750 0.917968750 0.785156250 1.117187500 0.917968750 0.710937500 0.445312500 0.312500000 0.265625000 0.277343750 0.277343750 0.273437500 0.339843750 0.320312500 
0.265625000 0.445312500 0.433593750 0.476562500 0.230468750 0.195312500 0.199218750 0.101562500 0.125000000 0.082031250 0.042968750 0.074218750 0.066406250 0.054687500 0.082031250 0.050781250 0.062500000 0.078125000 0.074218750 0.085937500 0.117187500 0.175781250 0.226562500 0.179687500 0.144531250 0.210937500 0.273437500 0.328125000 0.355468750 0.457031250 0.488281250 0.597656250 0.640625000 0.582031250 0.316406250 0.195312500 0.214843750 0.234375000 0.285156250 0.261718750 0.332031250 0.343750000 
0.164062500 0.363281250 0.269531250 0.406250000 0.121093750 0.152343750 0.144531250 0.089843750 0.042968750 0.054687500 0.042968750 0.070312500 0.050781250 0.070312500 0.078125000 0.039062500 0.023437500 0.062500000 0.078125000 0.074218750 0.113281250 0.214843750 0.191406250 0.093750000 0.113281250 0.109375000 0.214843750 0.156250000 0.187500000 0.289062500 0.492187500 0.433593750 0.531250000 0.437500000 0.226562500 0.191406250 0.207031250 0.210937500 0.210937500 0.234375000 0.359375000 0.300781250 
0.214843750 0.261718750 0.242187500 0.273437500 0.121093750 0.101562500 0.046875000 0.035156250 0.046875000 0.027343750 0.027343750 0.027343750 0.039062500 0.031250000 0.058593750 0.027343750 0.031250000 0.039062500 0.058593750 0.058593750 0.093750000 0.148437500 0.136718750 0.070312500 0.074218750 0.074218750 0.125000000 0.132812500 0.140625000 0.238281250 0.417968750 0.414062500 0.402343750 0.445312500 0.199218750 0.167968750 0.160156250 0.148437500 0.171875000 0.214843750 0.312500000 0.246093750 
0.070312500 0.097656250 0.128906250 0.148437500 0.093750000 0.085937500 0.042968750 0.027343750 0.015625000 0.027343750 0.019531250 0.031250000 0.015625000 0.027343750 0.058593750 0.035156250 0.031250000 0.035156250 0.035156250 0.031250000 0.042968750 0.074218750 0.082031250 0.050781250 0.046875000 0.035156250 0.078125000 0.097656250 0.113281250 0.218750000 0.363281250 0.316406250 0.246093750 0.265625000 0.171875000 0.109375000 0.121093750 0.093750000 0.082031250 0.128906250 0.250000000 0.253906250 
0.054687500 0.054687500 0.074218750 0.070312500 0.058593750 0.046875000 0.039062500 0.027343750 0.007812500 0.015625000 0.023437500 0.027343750 0.019531250 0.015625000 0.035156250 0.027343750 0.023437500 0.031250000 0.027343750 0.027343750 0.035156250 0.015625000 0.058593750 0.023437500 0.039062500 0.019531250 0.031250000 0.078125000 0.097656250 0.175781250 0.250000000 0.187500000 0.160156250 0.207031250 0.101562500 0.101562500 0.046875000 0.062500000 0.066406250 0.109375000 0.132812500 0.140625000 
0.003906250 0.007812500 0.007812500 0.000000000 0.007812500 0.015625000 0.015625000 0.011718750 0.000000000 0.007812500 0.019531250 0.019531250 0.011718750 0.003906250 0.031250000 0.019531250 0.003906250 0.019531250 0.015625000 0.003906250 0.015625000 0.011718750 0.011718750 0.003906250 0.007812500 0.007812500 0.023437500 0.023437500 0.050781250 0.066406250 0.070312500 0.078125000 0.085937500 0.078125000 0.066406250 0.039062500 0.019531250 0.015625000 0.031250000 0.050781250 0.066406250 0.074218750 
0.000000000 0.000000000 0.000000000 0.000000000 0.000000000 0.000000000 0.000000000 0.000000000 0.000000000 0.000000000 0.000000000 0.000000000 0.000000000 0.000000000 0.000000000 0.000000000 0.000000000 0.000000000 0.000000000 0.000000000 0.000000000 0.000000000 0.000000000 0.000000000 0.000000000 0.000000000 0.000000000 0.000000000 0.000000000 0.000000000 0.000000000 0.000000000 0.000000000 0.000000000 0.000000000 0.000000000 0.000000000 0.000000000 0.000000000 0.000000000 0.000000000 0.000000000 
0.000000000 0.000000000 0.000000000 0.000000000 0.000000000 0.000000000 0.000000000 0.000000000 0.000000000 0.000000000 0.000000000 0.000000000 0.000000000 0.000000000 0.000000000 0.000000000 0.000000000 0.000000000 0.000000000 0.000000000 0.000000000 0.000000000 0.000000000 0.000000000 0.000000000 0.000000000 0.000000000 0.000000000 0.000000000 0.000000000 0.000000000 0.000000000 0.000000000 0.000000000 0.000000000 0.000000000 0.000000000 0.000000000 0.000000000 0.000000000 0.000000000 0.000000000 
0.000000000 0.000000000 0.000000000 0.000000000 0.000000000 0.000000000 0.000000000 0.000000000 0.000000000 0.000000000 0.000000000 0.000000000 0.000000000 0.000000000 0.000000000 0.000000000 0.000000000 0.000000000 0.000000000 0.000000000 0.000000000 0.000000000 0.000000000 0.000000000 0.000000000 0.000000000 0.000000000 0.000000000 0.000000000 0.000000000 0.000000000 0.000000000 0.000000000 0.000000000 0.000000000 0.000000000 0.000000000 0.000000000 0.000000000 0.000000000 0.000000000 0.000000000 
0.000000000 0.000000000 0.000000000 0.000000000 0.000000000 0.000000000 0.000000000 0.000000000 0.000000000 0.000000000 0.000000000 0.000000000 0.000000000 0.000000000 0.000000000 0.000000000 0.000000000 0.000000000 0.000000000 0.000000000 0.000000000 0.000000000 0.000000000 0.000000000 0.000000000 0.000000000 0.000000000 0.000000000 0.000000000 0.000000000 0.000000000 0.000000000 0.000000000 0.000000000 0.000000000 0.000000000 0.000000000 0.000000000 0.000000000 0.000000000 0.000000000 0.000000000 
0.000000000 0.000000000 0.000000000 0.000000000 0.000000000 0.000000000 0.000000000 0.000000000 0.000000000 0.000000000 0.000000000 0.000000000 0.000000000 0.000000000 0.000000000 0.000000000 0.000000000 0.000000000 0.000000000 0.000000000 0.000000000 0.000000000 0.000000000 0.000000000 0.000000000 0.000000000 0.000000000 0.000000000 0.000000000 0.000000000 0.000000000 0.000000000 0.000000000 0.000000000 0.000000000 0.000000000 0.000000000 0.000000000 0.000000000 0.000000000 0.000000000 0.000000000 
0.000000000 0.000000000 0.000000000 0.000000000 0.000000000 0.000000000 0.000000000 0.000000000 0.000000000 0.000000000 0.000000000 0.000000000 0.000000000 0.000000000 0.000000000 0.000000000 0.000000000 0.000000000 0.000000000 0.000000000 0.000000000 0.000000000 0.000000000 0.000000000 0.000000000 0.000000000 0.000000000 0.000000000 0.000000000 0.000000000 0.000000000 0.000000000 0.000000000 0.000000000 0.000000000 0.000000000 0.000000000 0.000000000 0.000000000 0.000000000 0.000000000 0.000000000 
0.000000000 0.000000000 0.000000000 0.000000000 0.000000000 0.000000000 0.000000000 0.000000000 0.000000000 0.000000000 0.000000000 0.000000000 0.000000000 0.000000000 0.000000000 0.000000000 0.000000000 0.000000000 0.000000000 0.000000000 0.000000000 0.000000000 0.000000000 0.000000000 0.000000000 0.000000000 0.000000000 0.000000000 0.000000000 0.000000000 0.000000000 0.000000000 0.000000000 0.000000000 0.000000000 0.000000000 0.000000000 0.000000000 0.000000000 0.000000000 0.000000000 0.000000000 
0.000000000 0.000000000 0.000000000 0.000000000 0.000000000 0.000000000 0.000000000 0.000000000 0.000000000 0.000000000 0.000000000 0.000000000 0.000000000 0.000000000 0.000000000 0.000000000 0.000000000 0.000000000 0.000000000 0.000000000 0.000000000 0.000000000 0.000000000 0.000000000 0.000000000 0.000000000 0.000000000 0.000000000 0.000000000 0.000000000 0.000000000 0.000000000 0.000000000 0.000000000 0.000000000 0.000000000 0.000000000 0.000000000 0.000000000 0.000000000 0.000000000 0.000000000 
0.000000000 0.000000000 0.000000000 0.000000000 0.000000000 0.000000000 0.000000000 0.000000000 0.000000000 0.000000000 0.000000000 0.000000000 0.000000000 0.000000000 0.000000000 0.000000000 0.000000000 0.000000000 0.000000000 0.000000000 0.000000000 0.000000000 0.000000000 0.000000000 0.000000000 0.000000000 0.000000000 0.000000000 0.000000000 0.000000000 0.000000000 0.000000000 0.000000000 0.000000000 0.000000000 0.000000000 0.000000000 0.000000000 0.000000000 0.000000000 0.000000000 0.000000000 
