0.003906250 0.007812500 0.011718750 0.011718750 0.019531250 0.023437500 0.031250000 0.035156250 0.031250000 0.019531250 0.003906250 0.015625000 0.039062500 0.058593750 0.058593750 0.031250000 0.035156250 0.035156250 0.031250000 0.003906250 0.000000000 0.000000000 0.019531250 0.019531250 0.039062500 0.015625000 0.015625000 0.152343750 0.425781250 0.367187500 0.160156250 0.042968750 0.000000000 0.015625000 0.070312500 0.023437500 0.031250000 0.015625000 0.039062500 0.050781250 0.109375000 0.035156250 
0.000000000 0.000000000 0.000000000 0.000000000 0.007812500 0.007812500 0.007812500 0.011718750 0.019531250 0.019531250 0.023437500 0.027343750 0.031250000 0.035156250 0.042968750 0.039062500 0.042968750 0.031250000 0.031250000 0.019531250 0.007812500 0.000000000 0.000000000 0.000000000 0.023437500 0.039062500 0.050781250 0.050781250 0.058593750 0.046875000 0.019531250 0.000000000 0.000000000 0.027343750 0.039062500 0.042968750 0.019531250 0.000000000 0.000000000 0.000000000 0.000000000 0.000000000 
0.000000000 0.000000000 0.000000000 0.000000000 0.000000000 0.000000000 0.000000000 0.000000000 0.000000000 0.000000000 0.000000000 0.000000000 0.000000000 0.000000000 0.000000000 0.000000000 0.000000000 0.000000000 0.000000000 0.000000000 0.000000000 0.000000000 0.000000000 0.000000000 0.000000000 0.000000000 0.000000000 0.000000000 0.000000000 0.000000000 0.000000000 0.000000000 0.000000000 0.000000000 0.000000000 0.000000000 0.000000000 0.000000000 0.000000000 0.000000000 0.000000000 0.000000000 
0.000000000 0.000000000 0.000000000 0.000000000 0.000000000 0.000000000 0.000000000 0.000000000 0.000000000 0.000000000 0.000000000 0.000000000 0.000000000 0.000000000 0.000000000 0.000000000 0.000000000 0.000000000 0.000000000 0.000000000 0.000000000 0.000000000 0.000000000 0.000000000 0.000000000 0.000000000 0.000000000 0.000000000 0.000000000 0.000000000 0.000000000 0.000000000 0.000000000 0.000000000 0.000000000 0.000000000 0.000000000 0.000000000 0.000000000 0.000000000 0.000000000 0.000000000 
0.000000000 0.000000000 0.000000000 0.000000000 0.000000000 0.000000000 0.000000000 0.000000000 0.000000000 0.000000000 0.000000000 0.000000000 0.000000000 0.000000000 0.000000000 0.000000000 0.000000000 0.000000000 0.000000000 0.000000000 0.000000000 0.000000000 0.000000000 0.000000000 0.000000000 0.000000000 0.000000000 0.000000000 0.000000000 0.000000000 0.000000000 0.000000000 0.000000000 0.000000000 0.000000000 0.000000000 0.000000000 0.000000000 0.000000000 0.000000000 0.000000000 0.000000000 
0.000000000 0.000000000 0.000000000 0.000000000 0.000000000 0.000000000 0.000000000 0.000000000 0.000000000 0.000000000 0.000000000 0.000000000 0.000000000 0.000000000 0.000000000 0.000000000 0.000000000 0.000000000 0.000000000 0.000000000 0.000000000 0.000000000 0.000000000 0.000000000 0.000000000 0.000000000 0.000000000 0.000000000 0.000000000 0.000000000 0.000000000 0.000000000 0.000000000 0.000000000 0.000000000 0.000000000 0.000000000 0.000000000 0.000000000 0.000000000 0.000000000 0.000000000 
0.000000000 0.000000000 0.000000000 0.000000000 0.000000000 0.000000000 0.000000000 0.000000000 0.000000000 0.000000000 0.000000000 0.000000000 0.000000000 0.000000000 0.000000000 0.000000000 0.000000000 0.000000000 0.000000000 0.000000000 0.000000000 0.000000000 0.000000000 0.000000000 0.000000000 0.000000000 0.000000000 0.000000000 0.000000000 0.000000000 0.000000000 0.000000000 0.000000000 0.000000000 0.000000000 0.000000000 0.000000000 0.000000000 0.000000000 0.000000000 0.000000000 0.000000000 
0.000000000 0.000000000 0.000000000 0.000000000 0.000000000 0.000000000 0.000000000 0.000000000 0.000000000 0.000000000 0.000000000 0.000000000 0.000000000 0.000000000 0.000000000 0.000000000 0.000000000 0.000000000 0.000000000 0.000000000 0.000000000 0.000000000 0.000000000 0.000000000 0.000000000 0.000000000 0.000000000 0.000000000 0.000000000 0.000000000 0.000000000 0.000000000 0.000000000 0.000000000 0.000000000 0.000000000 0.000000000 0.000000000 0.000000000 0.000000000 0.000000000 0.000000000 
0.000000000 0.000000000 0.000000000 0.000000000 0.000000000 0.000000000 0.000000000 0.000000000 0.000000000 0.000000000 0.000000000 0.000000000 0.000000000 0.000000000 0.000000000 0.000000000 0.000000000 0.000000000 0.000000000 0.000000000 0.000000000 0.000000000 0.000000000 0.000000000 0.000000000 0.000000000 0.000000000 0.000000000 0.000000000 0.000000000 0.000000000 0.000000000 0.000000000 0.000000000 0.000000000 0.000000000 0.000000000 0.000000000 0.000000000 0.000000000 0.000000000 0.000000000 
0.000000000 0.000000000 0.000000000 0.000000000 0.000000000 0.000000000 0.000000000 0.000000000 0.000000000 0.000000000 0.000000000 0.000000000 0.000000000 0.000000000 0.000000000 0.000000000 0.000000000 0.000000000 0.000000000 0.000000000 0.000000000 0.000000000 0.000000000 0.000000000 0.000000000 0.000000000 0.000000000 0.000000000 0.000000000 0.000000000 0.000000000 0.000000000 0.000000000 0.000000000 0.000000000 0.000000000 0.000000000 0.000000000 0.000000000 0.000000000 0.000000000 0.000000000 
0.000000000 0.000000000 0.000000000 0.000000000 0.000000000 0.000000000 0.000000000 0.000000000 0.000000000 0.000000000 0.000000000 0.000000000 0.000000000 0.000000000 0.000000000 0.000000000 0.000000000 0.000000000 0.000000000 0.000000000 0.000000000 0.000000000 0.000000000 0.000000000 0.000000000 0.000000000 0.000000000 0.000000000 0.000000000 0.000000000 0.000000000 0.000000000 0.000000000 0.000000000 0.000000000 0.000000000 0.000000000 0.000000000 0.000000000 0.000000000 0.000000000 0.000000000 
0.007812500 0.011718750 0.007812500 0.000000000 0.019531250 0.039062500 0.062500000 0.054687500 0.031250000 0.011718750 0.031250000 0.031250000 0.007812500 0.039062500 0.062500000 0.035156250 0.011718750 0.000000000 0.011718750 0.031250000 0.035156250 0.039062500 0.015625000 0.050781250 0.066406250 0.136718750 0.746093750 1.019531250 0.480468750 0.339843750 0.312500000 0.199218750 0.207031250 0.070312500 0.117187500 0.101562500 0.066406250 0.078125000 0.152343750 0.089843750 0.070312500 0.093750000 
0.007812500 0.011718750 0.007812500 0.000000000 0.019531250 0.039062500 0.062500000 0.054687500 0.031250000 0.011718750 0.031250000 0.031250000 0.007812500 0.039062500 0.062500000 0.035156250 0.011718750 0.000000000 0.011718750 0.031250000 0.035156250 0.039062500 0.015625000 0.050781250 0.066406250 0.136718750 0.746093750 1.019531250 0.480468750 0.339843750 0.312500000 0.199218750 0.207031250 0.070312500 0.117187500 0.101562500 0.066406250 0.078125000 0.152343750 0.089843750 0.070312500 0.093750000 
0.007812500 0.011718750 0.007812500 0.000000000 0.019531250 0.039062500 0.062500000 0.054687500 0.031250000 0.011718750 0.031250000 0.031250000 0.007812500 0.039062500 0.062500000 0.035156250 0.011718750 0.000000000 0.011718750 0.031250000 0.035156250 0.039062500 0.015625000 0.050781250 0.066406250 0.136718750 0.746093750 1.019531250 0.480468750 0.339843750 0.312500000 0.199218750 0.207031250 0.070312500 0.117187500 0.101562500 0.066406250 0.078125000 0.152343750 0.089843750 0.070312500 0.093750000 
0.000000000 0.000000000 0.007812500 0.011718750 0.023437500 0.031250000 0.039062500 0.042968750 0.039062500 0.027343750 0.015625000 0.011718750 0.007812500 0.011718750 0.003906250 0.000000000 0.011718750 0.015625000 0.015625000 0.011718750 0.000000000 0.019531250 0.007812500 0.046875000 0.093750000 0.042968750 0.187500000 0.328125000 0.507812500 0.324218750 0.566406250 0.414062500 0.132812500 0.039062500 0.000000000 0.031250000 0.027343750 0.070312500 0.054687500 0.035156250 0.046875000 0.058593750 
0.000000000 0.000000000 0.007812500 0.011718750 0.023437500 0.031250000 0.039062500 0.042968750 0.039062500 0.027343750 0.015625000 0.011718750 0.007812500 0.011718750 0.003906250 0.000000000 0.011718750 0.015625000 0.015625000 0.011718750 0.000000000 0.019531250 0.007812500 0.046875000 0.093750000 0.042968750 0.187500000 0.328125000 0.507812500 0.324218750 0.566406250 0.414062500 0.132812500 0.039062500 0.000000000 0.031250000 0.027343750 0.070312500 0.054687500 0.035156250 0.046875000 0.058593750 
0.000000000 0.000000000 0.007812500 0.011718750 0.023437500 0.031250000 0.039062500 0.042968750 0.039062500 0.027343750 0.015625000 0.011718750 0.007812500 0.011718750 0.003906250 0.000000000 0.011718750 0.015625000 0.015625000 0.011718750 0.000000000 0.019531250 0.007812500 0.046875000 0.093750000 0.042968750 0.187500000 0.328125000 0.507812500 0.324218750 0.566406250 0.414062500 0.132812500 0.039062500 0.000000000 0.031250000 0.027343750 0.070312500 0.054687500 0.035156250 0.046875000 0.058593750 
0.000000000 0.000000000 0.000000000 0.000000000 0.000000000 0.000000000 0.000000000 0.000000000 0.000000000 0.000000000 0.000000000 0.000000000 0.000000000 0.000000000 0.000000000 0.000000000 0.000000000 0.000000000 0.000000000 0.000000000 0.000000000 0.000000000 0.000000000 0.000000000 0.000000000 0.000000000 0.000000000 0.000000000 0.000000000 0.000000000 0.000000000 0.000000000 0.000000000 0.000000000 0.000000000 0.000000000 0.000000000 0.000000000 0.000000000 0.000000000 0.000000000 0.000000000 
0.000000000 0.000000000 0.000000000 0.000000000 0.000000000 0.000000000 0.000000000 0.000000000 0.000000000 0.000000000 0.000000000 0.000000000 0.000000000 0.000000000 0.000000000 0.000000000 0.000000000 0.000000000 0.000000000 0.000000000 0.000000000 0.000000000 0.000000000 0.000000000 0.000000000 0.000000000 0.000000000 0.000000000 0.000000000 0.000000000 0.000000000 0.000000000 0.000000000 0.000000000 0.000000000 0.000000000 0.000000000 0.000000000 0.000000000 0.000000000 0.000000000 0.000000000 
0.000000000 0.000000000 0.000000000 0.000000000 0.000000000 0.000000000 0.000000000 0.000000000 0.000000000 0.000000000 0.000000000 0.000000000 0.000000000 0.000000000 0.000000000 0.000000000 0.000000000 0.000000000 0.000000000 0.000000000 0.000000000 0.000000000 0.000000000 0.000000000 0.000000000 0.000000000 0.000000000 0.000000000 0.000000000 0.000000000 0.000000000 0.000000000 0.000000000 0.000000000 0.000000000 0.000000000 0.000000000 0.000000000 0.000000000 0.000000000 0.000000000 0.000000000 
0.000000000 0.000000000 0.000000000 0.000000000 0.000000000 0.000000000 0.000000000 0.000000000 0.000000000 0.000000000 0.000000000 0.000000000 0.000000000 0.000000000 0.000000000 0.000000000 0.000000000 0.000000000 0.000000000 0.000000000 0.000000000 0.000000000 0.000000000 0.000000000 0.000000000 0.000000000 0.000000000 0.000000000 0.000000000 0.000000000 0.000000000 0.000000000 0.000000000 0.000000000 0.000000000 0.000000000 0.000000000 0.000000000 0.000000000 0.000000000 0.000000000 0.000000000 
0.000000000 0.000000000 0.000000000 0.000000000 0.000000000 0.000000000 0.000000000 0.000000000 0.000000000 0.000000000 0.000000000 0.000000000 0.000000000 0.000000000 0.000000000 0.000000000 0.000000000 0.000000000 0.000000000 0.000000000 0.000000000 0.000000000 0.000000000 0.000000000 0.000000000 0.000000000 0.000000000 0.000000000 0.000000000 0.000000000 0.000000000 0.000000000 0.000000000 0.000000000 0.000000000 0.000000000 0.000000000 0.000000000 0.000000000 0.000000000 0.000000000 0.000000000 
0.000000000 0.000000000 0.000000000 0.000000000 0.000000000 0.000000000 0.000000000 0.000000000 0.000000000 0.000000000 0.000000000 0.000000000 0.000000000 0.000000000 0.000000000 0.000000000 0.000000000 0.000000000 0.000000000 0.000000000 0.000000000 0.000000000 0.000000000 0.000000000 0.000000000 0.000000000 0.000000000 0.000000000 0.000000000 0.000000000 0.000000000 0.000000000 0.000000000 0.000000000 0.000000000 0.000000000 0.000000000 0.000000000 0.000000000 0.000000000 0.000000000 0.000000000 
0.000000000 0.000000000 0.000000000 0.000000000 0.000000000 0.000000000 0.000000000 0.000000000 0.000000000 0.000000000 0.000000000 0.000000000 0.000000000 0.000000000 0.000000000 0.000000000 0.000000000 0.000000000 0.000000000 0.000000000 0.000000000 0.000000000 0.000000000 0.000000000 0.000000000 0.000000000 0.000000000 0.000000000 0.000000000 0.000000000 0.000000000 0.000000000 0.000000000 0.000000000 0.000000000 0.000000000 0.000000000 0.000000000 0.000000000 0.000000000 0.000000000 0.000000000 
0.000000000 0.000000000 0.000000000 0.000000000 0.000000000 0.000000000 0.000000000 0.000000000 0.000000000 0.000000000 0.000000000 0.000000000 0.000000000 0.000000000 0.000000000 0.000000000 0.000000000 0.000000000 0.000000000 0.000000000 0.000000000 0.000000000 0.000000000 0.000000000 0.000000000 0.000000000 0.000000000 0.000000000 0.000000000 0.000000000 0.000000000 0.000000000 0.000000000 0.000000000 0.000000000 0.000000000 0.000000000 0.000000000 0.000000000 0.000000000 0.000000000 0.000000000 
0.000000000 0.000000000 0.000000000 0.000000000 0.000000000 0.000000000 0.000000000 0.000000000 0.000000000 0.000000000 0.000000000 0.000000000 0.000000000 0.000000000 0.000000000 0.000000000 0.000000000 0.000000000 0.000000000 0.000000000 0.000000000 0.000000000 0.000000000 0.000000000 0.000000000 0.000000000 0.000000000 0.000000000 0.000000000 0.000000000 0.000000000 0.000000000 0.000000000 0.000000000 0.000000000 0.000000000 0.000000000 0.000000000 0.000000000 0.000000000 0.000000000 0.000000000 
0.000000000 0.000000000 0.000000000 0.000000000 0.000000000 0.000000000 0.000000000 0.000000000 0.000000000 0.000000000 0.000000000 0.000000000 0.000000000 0.000000000 0.000000000 0.000000000 0.000000000 0.000000000 0.000000000 0.000000000 0.000000000 0.000000000 0.000000000 0.000000000 0.000000000 0.000000000 0.000000000 0.000000000 0.000000000 0.000000000 0.000000000 0.000000000 0.000000000 0.000000000 0.000000000 0.000000000 0.000000000 0.000000000 0.000000000 0.000000000 0.000000000 0.000000000 
0.000000000 0.000000000 0.000000000 0.000000000 0.000000000 0.000000000 0.000000000 0.000000000 0.000000000 0.000000000 0.000000000 0.000000000 0.000000000 0.000000000 0.000000000 0.000000000 0.000000000 0.000000000 0.000000000 0.000000000 0.000000000 0.000000000 0.000000000 0.000000000 0.000000000 0.000000000 0.000000000 0.000000000 0.000000000 0.000000000 0.000000000 0.000000000 0.000000000 0.000000000 0.000000000 0.000000000 0.000000000 0.000000000 0.000000000 0.000000000 0.000000000 0.000000000 
0.000000000 0.000000000 0.000000000 0.000000000 0.000000000 0.000000000 0.000000000 0.000000000 0.000000000 0.000000000 0.000000000 0.000000000 0.000000000 0.000000000 0.000000000 0.000000000 0.000000000 0.000000000 0.000000000 0.000000000 0.000000000 0.000000000 0.000000000 0.000000000 0.000000000 0.000000000 0.000000000 0.000000000 0.000000000 0.000000000 0.000000000 0.000000000 0.000000000 0.000000000 0.000000000 0.000000000 0.000000000 0.000000000 0.000000000 0.000000000 0.000000000 0.000000000 
0.000000000 0.000000000 0.000000000 0.000000000 0.000000000 0.000000000 0.000000000 0.000000000 0.000000000 0.000000000 0.000000000 0.000000000 0.000000000 0.000000000 0.000000000 0.000000000 0.000000000 0.000000000 0.000000000 0.000000000 0.000000000 0.000000000 0.000000000 0.000000000 0.000000000 0.000000000 0.000000000 0.000000000 0.000000000 0.000000000 0.000000000 0.000000000 0.000000000 0.000000000 0.000000000 0.000000000 0.000000000 0.000000000 0.000000000 0.000000000 0.000000000 0.000000000 
0.000000000 0.000000000 0.000000000 0.000000000 0.000000000 0.000000000 0.000000000 0.000000000 0.000000000 0.000000000 0.000000000 0.000000000 0.000000000 0.000000000 0.000000000 0.000000000 0.000000000 0.000000000 0.000000000 0.000000000 0.000000000 0.000000000 0.000000000 0.000000000 0.000000000 0.000000000 0.000000000 0.000000000 0.000000000 0.000000000 0.000000000 0.000000000 0.000000000 0.000000000 0.000000000 0.000000000 0.000000000 0.000000000 0.000000000 0.000000000 0.000000000 0.000000000 
0.000000000 0.000000000 0.000000000 0.000000000 0.000000000 0.000000000 0.000000000 0.000000000 0.000000000 0.000000000 0.000000000 0.000000000 0.000000000 0.000000000 0.000000000 0.000000000 0.000000000 0.000000000 0.000000000 0.000000000 0.000000000 0.000000000 0.000000000 0.000000000 0.000000000 0.000000000 0.000000000 0.000000000 0.000000000 0.000000000 0.000000000 0.000000000 0.000000000 0.000000000 0.000000000 0.000000000 0.000000000 0.000000000 0.000000000 0.000000000 0.000000000 0.000000000 
0.000000000 0.000000000 0.000000000 0.000000000 0.000000000 0.000000000 0.000000000 0.000000000 0.000000000 0.000000000 0.000000000 0.000000000 0.000000000 0.000000000 0.000000000 0.000000000 0.000000000 0.000000000 0.000000000 0.000000000 0.000000000 0.000000000 0.000000000 0.000000000 0.000000000 0.000000000 0.000000000 0.000000000 0.000000000 0.000000000 0.000000000 0.000000000 0.000000000 0.000000000 0.000000000 0.000000000 0.000000000 0.000000000 0.000000000 0.000000000 0.000000000 0.000000000 
0.035156250 0.042968750 0.082031250 0.109375000 0.164062500 0.246093750 0.347656250 0.457031250 0.574218750 0.691406250 0.777343750 0.792968750 0.734375000 0.597656250 0.402343750 0.214843750 0.085937500 0.054687500 0.035156250 0.046875000 0.070312500 0.031250000 0.007812500 0.035156250 0.046875000 0.046875000 0.050781250 0.039062500 0.000000000 0.027343750 0.085937500 0.027343750 0.015625000 0.046875000 0.042968750 0.023437500 0.015625000 0.046875000 0.062500000 0.003906250 0.042968750 0.062500000 
0.125000000 0.089843750 0.289062500 0.746093750 1.042968750 1.292968750 0.949218750 0.789062500 1.226562500 2.941406250 4.339843750 5.253906250 3.425781250 0.917968750 0.769531250 0.906250000 0.765625000 0.460937500 0.085937500 0.031250000 0.027343750 0.058593750 0.074218750 0.046875000 0.082031250 0.082031250 0.031250000 0.203125000 0.464843750 0.203125000 0.144531250 0.093750000 0.140625000 0.082031250 0.117187500 0.089843750 0.070312500 0.097656250 0.164062500 0.199218750 0.199218750 0.105468750 
0.949218750 0.906250000 1.343750000 2.632812500 2.691406250 1.812500000 2.800781250 3.011718750 2.070312500 4.796875000 7.121093750 7.218750000 4.390625000 2.718750000 1.550781250 1.945312500 1.347656250 1.414062500 0.937500000 0.843750000 0.648437500 0.531250000 0.472656250 0.453125000 0.460937500 0.515625000 0.671875000 0.773437500 0.804687500 0.457031250 0.242187500 0.175781250 0.304687500 0.199218750 0.203125000 0.179687500 0.148437500 0.222656250 0.460937500 0.726562500 0.562500000 0.316406250 
1.160156250 0.980468750 2.402343750 4.355468750 2.757812500 2.007812500 4.250000000 3.597656250 3.570312500 5.617187500 10.394531250 17.394531250 10.539062500 4.281250000 1.738281250 3.773437500 3.332031250 2.710937500 1.375000000 1.292968750 1.050781250 0.859375000 0.777343750 0.812500000 0.824218750 0.941406250 1.230468750 1.601562500 1.683593750 1.082031250 0.546875000 0.453125000 0.859375000 0.996093750 0.792968750 0.582031250 0.472656250 0.781250000 1.222656250 1.527343750 1.042968750 0.703125000 
0.808593750 0.992187500 2.531250000 4.863281250 2.898437500 2.304687500 5.398437500 3.058593750 3.296875000 10.300781250 13.664062500 18.535156250 16.003906250 4.085937500 2.128906250 5.058593750 7.027343750 3.027343750 2.121093750 2.125000000 1.714843750 1.488281250 1.359375000 1.285156250 1.101562500 1.195312500 1.429687500 2.542968750 3.917968750 2.613281250 2.667968750 2.183593750 2.187500000 1.773437500 1.218750000 1.257812500 1.382812500 1.792968750 2.523437500 2.906250000 1.843750000 1.320312500 
0.410156250 0.804687500 3.085937500 5.125000000 1.570312500 2.105468750 5.910156250 3.671875000 1.601562500 12.839843750 11.734375000 24.406250000 21.191406250 5.683593750 3.921875000 5.894531250 8.406250000 2.765625000 1.234375000 1.445312500 1.128906250 1.164062500 1.121093750 1.144531250 1.285156250 1.324218750 1.898437500 3.250000000 4.453125000 2.332031250 1.656250000 1.328125000 2.253906250 1.628906250 0.875000000 0.464843750 0.386718750 0.750000000 2.593750000 3.539062500 2.429687500 1.207031250 
0.640625000 0.539062500 3.316406250 5.691406250 2.863281250 3.437500000 8.031250000 4.230468750 3.093750000 14.316406250 7.156250000 20.257812500 19.167968750 8.636718750 5.691406250 9.121093750 8.640625000 2.765625000 0.828125000 0.843750000 0.335937500 0.167968750 0.132812500 0.289062500 0.484375000 0.792968750 1.367187500 2.800781250 5.339843750 2.847656250 2.097656250 1.417968750 2.980468750 2.109375000 1.089843750 0.597656250 0.375000000 0.808593750 2.851562500 3.875000000 2.425781250 1.097656250 
0.257812500 0.519531250 3.382812500 5.468750000 1.980468750 3.207031250 9.515625000 3.621093750 4.296875000 16.960937500 13.187500000 33.292968750 21.820312500 9.410156250 6.046875000 10.050781250 7.335937500 4.027343750 1.167968750 0.875000000 0.511718750 0.375000000 0.308593750 0.402343750 0.523437500 0.710937500 1.320312500 3.339843750 5.078125000 3.011718750 1.832031250 1.480468750 2.777343750 2.003906250 1.113281250 0.562500000 0.445312500 0.796875000 2.699218750 3.355468750 2.128906250 1.062500000 
1.140625000 1.085937500 3.699218750 5.675781250 2.578125000 3.406250000 10.039062500 1.027343750 4.792968750 15.722656250 16.062500000 51.167968750 27.511718750 13.875000000 5.210937500 12.484375000 8.511718750 5.062500000 1.910156250 1.613281250 1.046875000 0.984375000 0.808593750 0.742187500 0.582031250 0.976562500 1.636718750 3.304687500 4.636718750 2.695312500 1.828125000 1.316406250 2.617187500 1.703125000 1.007812500 0.421875000 0.410156250 0.707031250 2.468750000 3.222656250 1.886718750 1.019531250 
0.800781250 0.847656250 3.183593750 4.542968750 1.390625000 2.167968750 9.816406250 2.214843750 7.089843750 13.632812500 8.328125000 57.238281250 18.988281250 12.093750000 4.195312500 10.335937500 7.121093750 7.378906250 1.605468750 1.531250000 0.804687500 0.738281250 0.687500000 0.632812500 0.703125000 0.792968750 1.281250000 2.777343750 3.292968750 2.453125000 1.800781250 1.195312500 1.871093750 1.226562500 0.765625000 0.527343750 0.628906250 0.906250000 2.039062500 2.863281250 1.867187500 1.027343750 
1.265625000 1.175781250 2.707031250 3.761718750 2.152343750 2.324218750 9.230468750 3.109375000 7.679687500 14.183593750 10.269531250 57.042968750 14.859375000 5.710937500 5.359375000 9.824218750 4.546875000 7.628906250 2.519531250 1.882812500 1.070312500 0.847656250 0.710937500 0.632812500 0.585937500 0.730468750 1.160156250 2.906250000 3.425781250 2.140625000 1.394531250 1.140625000 1.785156250 1.109375000 0.687500000 0.410156250 0.308593750 0.441406250 1.746093750 2.503906250 1.687500000 0.726562500 
1.312500000 1.093750000 2.941406250 3.019531250 0.667968750 1.742187500 7.898437500 5.191406250 10.718750000 16.957031250 15.375000000 49.414062500 15.167968750 6.320312500 7.125000000 7.027343750 3.550781250 6.675781250 1.625000000 0.773437500 0.726562500 0.625000000 0.484375000 0.488281250 0.496093750 0.546875000 1.164062500 2.660156250 2.894531250 1.679687500 1.175781250 0.898437500 1.480468750 0.824218750 0.437500000 0.296875000 0.261718750 0.292968750 1.246093750 1.800781250 1.300781250 0.613281250 
0.886718750 0.734375000 0.851562500 1.949218750 2.062500000 2.613281250 5.390625000 4.953125000 11.082031250 14.867187500 15.781250000 27.312500000 10.195312500 3.980468750 4.402343750 3.183593750 3.808593750 3.667968750 0.960937500 0.960937500 0.722656250 0.796875000 0.785156250 0.644531250 0.636718750 0.570312500 0.894531250 1.789062500 1.597656250 0.804687500 0.957031250 0.667968750 0.859375000 0.734375000 0.531250000 0.535156250 0.437500000 0.445312500 0.953125000 1.140625000 0.757812500 0.570312500 
0.851562500 1.015625000 1.449218750 0.886718750 1.292968750 2.539062500 1.941406250 1.765625000 7.566406250 13.820312500 5.800781250 3.699218750 4.042968750 1.437500000 2.175781250 2.078125000 3.289062500 1.796875000 0.929687500 0.867187500 0.746093750 0.800781250 0.750000000 0.812500000 0.792968750 0.800781250 0.917968750 1.257812500 0.789062500 0.550781250 0.578125000 0.550781250 0.597656250 0.476562500 0.503906250 0.578125000 0.566406250 0.515625000 0.585937500 0.976562500 0.867187500 0.824218750 
0.144531250 0.296875000 0.464843750 0.738281250 0.710937500 0.531250000 1.136718750 1.023437500 1.949218750 1.988281250 2.382812500 3.949218750 0.644531250 0.667968750 0.656250000 0.507812500 1.078125000 1.425781250 0.792968750 0.359375000 0.406250000 0.320312500 0.292968750 0.312500000 0.292968750 0.300781250 0.289062500 0.410156250 0.367187500 0.308593750 0.261718750 0.222656250 0.292968750 0.230468750 0.277343750 0.281250000 0.308593750 0.363281250 0.289062500 0.343750000 0.289062500 0.292968750 
0.117187500 0.234375000 0.472656250 0.632812500 0.367187500 0.355468750 0.886718750 0.281250000 0.570312500 0.972656250 1.632812500 3.820312500 0.648437500 0.476562500 0.339843750 0.523437500 0.648437500 0.566406250 0.316406250 0.242187500 0.246093750 0.140625000 0.175781250 0.187500000 0.109375000 0.105468750 0.171875000 0.222656250 0.121093750 0.148437500 0.179687500 0.167968750 0.199218750 0.175781250 0.195312500 0.195312500 0.214843750 0.222656250 0.230468750 0.289062500 0.339843750 0.300781250 
0.089843750 0.207031250 0.441406250 0.386718750 0.175781250 0.230468750 0.621093750 0.441406250 0.261718750 0.796875000 0.691406250 2.886718750 1.074218750 0.695312500 0.343750000 0.632812500 0.589843750 0.546875000 0.261718750 0.246093750 0.195312500 0.156250000 0.183593750 0.183593750 0.117187500 0.164062500 0.171875000 0.164062500 0.148437500 0.179687500 0.179687500 0.191406250 0.191406250 0.191406250 0.222656250 0.214843750 0.160156250 0.257812500 0.246093750 0.265625000 0.324218750 0.390625000 
0.097656250 0.199218750 0.378906250 0.347656250 0.222656250 0.191406250 0.425781250 0.355468750 0.210937500 0.289062500 0.789062500 2.308593750 0.398437500 0.207031250 0.101562500 0.527343750 0.398437500 0.500000000 0.261718750 0.207031250 0.152343750 0.117187500 0.156250000 0.144531250 0.097656250 0.121093750 0.148437500 0.140625000 0.109375000 0.191406250 0.144531250 0.187500000 0.191406250 0.175781250 0.183593750 0.179687500 0.199218750 0.285156250 0.246093750 0.289062500 0.296875000 0.332031250 
0.125000000 0.085937500 0.082031250 0.246093750 0.226562500 0.195312500 0.238281250 0.246093750 0.179687500 0.382812500 0.710937500 1.558593750 0.488281250 0.269531250 0.148437500 0.441406250 0.406250000 0.488281250 0.257812500 0.265625000 0.144531250 0.105468750 0.109375000 0.113281250 0.085937500 0.121093750 0.132812500 0.132812500 0.125000000 0.164062500 0.156250000 0.222656250 0.187500000 0.160156250 0.195312500 0.148437500 0.183593750 0.285156250 0.203125000 0.246093750 0.226562500 0.281250000 
0.050781250 0.078125000 0.140625000 0.175781250 0.171875000 0.160156250 0.210937500 0.109375000 0.187500000 0.417968750 0.554687500 0.867187500 0.320312500 0.179687500 0.109375000 0.429687500 0.339843750 0.199218750 0.175781250 0.156250000 0.140625000 0.097656250 0.105468750 0.117187500 0.128906250 0.164062500 0.167968750 0.152343750 0.164062500 0.144531250 0.171875000 0.160156250 0.183593750 0.132812500 0.175781250 0.167968750 0.207031250 0.179687500 0.203125000 0.183593750 0.144531250 0.171875000 
0.050781250 0.078125000 0.117187500 0.136718750 0.203125000 0.078125000 0.074218750 0.078125000 0.187500000 0.273437500 0.382812500 0.753906250 0.246093750 0.132812500 0.144531250 0.378906250 0.226562500 0.152343750 0.148437500 0.121093750 0.132812500 0.109375000 0.121093750 0.128906250 0.117187500 0.179687500 0.171875000 0.164062500 0.132812500 0.148437500 0.160156250 0.171875000 0.160156250 0.148437500 0.140625000 0.156250000 0.183593750 0.156250000 0.179687500 0.164062500 0.144531250 0.160156250 
0.058593750 0.078125000 0.105468750 0.140625000 0.144531250 0.082031250 0.082031250 0.082031250 0.105468750 0.207031250 0.246093750 0.406250000 0.257812500 0.207031250 0.132812500 0.292968750 0.171875000 0.152343750 0.109375000 0.125000000 0.125000000 0.113281250 0.113281250 0.105468750 0.132812500 0.187500000 0.175781250 0.156250000 0.125000000 0.136718750 0.132812500 0.117187500 0.144531250 0.109375000 0.097656250 0.136718750 0.152343750 0.085937500 0.082031250 0.101562500 0.105468750 0.152343750 
0.042968750 0.070312500 0.054687500 0.082031250 0.136718750 0.039062500 0.039062500 0.093750000 0.105468750 0.191406250 0.156250000 0.226562500 0.253906250 0.203125000 0.132812500 0.257812500 0.144531250 0.117187500 0.078125000 0.125000000 0.062500000 0.097656250 0.109375000 0.070312500 0.105468750 0.117187500 0.089843750 0.125000000 0.089843750 0.078125000 0.093750000 0.109375000 0.113281250 0.089843750 0.070312500 0.105468750 0.082031250 0.062500000 0.042968750 0.082031250 0.074218750 0.121093750 
0.031250000 0.082031250 0.054687500 0.058593750 0.070312500 0.046875000 0.046875000 0.097656250 0.113281250 0.117187500 0.203125000 0.140625000 0.167968750 0.230468750 0.109375000 0.121093750 0.117187500 0.066406250 0.085937500 0.109375000 0.062500000 0.101562500 0.152343750 0.132812500 0.105468750 0.109375000 0.093750000 0.066406250 0.085937500 0.042968750 0.085937500 0.089843750 0.054687500 0.082031250 0.066406250 0.078125000 0.078125000 0.046875000 0.058593750 0.050781250 0.046875000 0.113281250 
0.015625000 0.058593750 0.062500000 0.042968750 0.054687500 0.019531250 0.050781250 0.066406250 0.101562500 0.097656250 0.121093750 0.121093750 0.105468750 0.121093750 0.039062500 0.039062500 0.097656250 0.070312500 0.062500000 0.093750000 0.070312500 0.093750000 0.144531250 0.121093750 0.074218750 0.039062500 0.039062500 0.042968750 0.039062500 0.031250000 0.054687500 0.031250000 0.035156250 0.054687500 0.058593750 0.054687500 0.027343750 0.023437500 0.062500000 0.031250000 0.046875000 0.078125000 
0.027343750 0.027343750 0.023437500 0.019531250 0.015625000 0.007812500 0.039062500 0.070312500 0.066406250 0.074218750 0.121093750 0.117187500 0.082031250 0.089843750 0.039062500 0.027343750 0.042968750 0.039062500 0.050781250 0.039062500 0.042968750 0.089843750 0.121093750 0.121093750 0.050781250 0.031250000 0.035156250 0.039062500 0.039062500 0.035156250 0.046875000 0.023437500 0.019531250 0.031250000 0.035156250 0.039062500 0.007812500 0.011718750 0.058593750 0.035156250 0.046875000 0.054687500 
0.000000000 0.000000000 0.000000000 0.000000000 0.000000000 0.000000000 0.000000000 0.000000000 0.000000000 0.000000000 0.000000000 0.000000000 0.000000000 0.000000000 0.000000000 0.000000000 0.000000000 0.000000000 0.000000000 0.000000000 0.000000000 0.000000000 0.000000000 0.000000000 0.000000000 0.000000000 0.000000000 0.000000000 0.000000000 0.000000000 0.000000000 0.000000000 0.000000000 0.000000000 0.000000000 0.000000000 0.000000000 0.000000000 0.000000000 0.000000000 0.000000000 0.000000000 
0.000000000 0.000000000 0.000000000 0.000000000 0.000000000 0.000000000 0.000000000 0.000000000 0.000000000 0.000000000 0.000000000 0.000000000 0.000000000 0.000000000 0.000000000 0.000000000 0.000000000 0.000000000 0.000000000 0.000000000 0.000000000 0.000000000 0.000000000 0.000000000 0.000000000 0.000000000 0.000000000 0.000000000 0.000000000 0.000000000 0.000000000 0.000000000 0.000000000 0.000000000 0.000000000 0.000000000 0.000000000 0.000000000 0.000000000 0.000000000 0.000000000 0.000000000 
0.000000000 0.000000000 0.000000000 0.000000000 0.000000000 0.000000000 0.000000000 0.000000000 0.000000000 0.000000000 0.000000000 0.000000000 0.000000000 0.000000000 0.000000000 0.000000000 0.000000000 0.000000000 0.000000000 0.000000000 0.000000000 0.000000000 0.000000000 0.000000000 0.000000000 0.000000000 0.000000000 0.000000000 0.000000000 0.000000000 0.000000000 0.000000000 0.000000000 0.000000000 0.000000000 0.000000000 0.000000000 0.000000000 0.000000000 0.000000000 0.000000000 0.000000000 
0.000000000 0.000000000 0.000000000 0.000000000 0.000000000 0.000000000 0.000000000 0.000000000 0.000000000 0.000000000 0.000000000 0.000000000 0.000000000 0.000000000 0.000000000 0.000000000 0.000000000 0.000000000 0.000000000 0.000000000 0.000000000 0.000000000 0.000000000 0.000000000 0.000000000 0.000000000 0.000000000 0.000000000 0.000000000 0.000000000 0.000000000 0.000000000 0.000000000 0.000000000 0.000000000 0.000000000 0.000000000 0.000000000 0.000000000 0.000000000 0.000000000 0.000000000 
0.000000000 0.000000000 0.000000000 0.000000000 0.000000000 0.000000000 0.000000000 0.000000000 0.000000000 0.000000000 0.000000000 0.000000000 0.000000000 0.000000000 0.000000000 0.000000000 0.000000000 0.000000000 0.000000000 0.000000000 0.000000000 0.000000000 0.000000000 0.000000000 0.000000000 0.000000000 0.000000000 0.000000000 0.000000000 0.000000000 0.000000000 0.000000000 0.000000000 0.000000000 0.000000000 0.000000000 0.000000000 0.000000000 0.000000000 0.000000000 0.000000000 0.000000000 
0.000000000 0.000000000 0.000000000 0.000000000 0.000000000 0.000000000 0.000000000 0.000000000 0.000000000 0.000000000 0.000000000 0.000000000 0.000000000 0.000000000 0.000000000 0.000000000 0.000000000 0.000000000 0.000000000 0.000000000 0.000000000 0.000000000 0.000000000 0.000000000 0.000000000 0.000000000 0.000000000 0.000000000 0.000000000 0.000000000 0.000000000 0.000000000 0.000000000 0.000000000 0.000000000 0.000000000 0.000000000 0.000000000 0.000000000 0.000000000 0.000000000 0.000000000 
0.035156250 0.023437500 0.046875000 0.078125000 0.101562500 0.121093750 0.105468750 0.066406250 0.050781250 0.101562500 0.152343750 0.117187500 0.035156250 0.031250000 0.015625000 0.027343750 0.027343750 0.000000000 0.027343750 0.027343750 0.046875000 0.027343750 0.027343750 0.027343750 0.078125000 0.183593750 0.351562500 0.523437500 0.515625000 0.281250000 0.156250000 0.132812500 0.054687500 0.078125000 0.035156250 0.035156250 0.093750000 0.062500000 0.078125000 0.109375000 0.085937500 0.117187500 
0.035156250 0.023437500 0.046875000 0.078125000 0.101562500 0.121093750 0.105468750 0.066406250 0.050781250 0.101562500 0.152343750 0.117187500 0.035156250 0.031250000 0.015625000 0.027343750 0.027343750 0.000000000 0.027343750 0.027343750 0.046875000 0.027343750 0.027343750 0.027343750 0.078125000 0.183593750 0.351562500 0.523437500 0.515625000 0.281250000 0.156250000 0.132812500 0.054687500 0.078125000 0.035156250 0.035156250 0.093750000 0.062500000 0.078125000 0.109375000 0.085937500 0.117187500 
0.035156250 0.023437500 0.046875000 0.078125000 0.101562500 0.121093750 0.105468750 0.066406250 0.050781250 0.101562500 0.152343750 0.117187500 0.035156250 0.031250000 0.015625000 0.027343750 0.027343750 0.000000000 0.027343750 0.027343750 0.046875000 0.027343750 0.027343750 0.027343750 0.078125000 0.183593750 0.351562500 0.523437500 0.515625000 0.281250000 0.156250000 0.132812500 0.054687500 0.078125000 0.035156250 0.035156250 0.093750000 0.062500000 0.078125000 0.109375000 0.085937500 0.117187500 
0.000000000 0.000000000 0.000000000 0.000000000 0.000000000 0.000000000 0.000000000 0.000000000 0.000000000 0.000000000 0.000000000 0.000000000 0.000000000 0.000000000 0.000000000 0.000000000 0.000000000 0.000000000 0.000000000 0.000000000 0.000000000 0.000000000 0.000000000 0.000000000 0.000000000 0.000000000 0.000000000 0.000000000 0.000000000 0.000000000 0.000000000 0.000000000 0.000000000 0.000000000 0.000000000 0.000000000 0.000000000 0.000000000 0.000000000 0.000000000 0.000000000 0.000000000 
0.011718750 0.023437500 0.019531250 0.019531250 0.003906250 0.003906250 0.011718750 0.003906250 0.007812500 0.015625000 0.011718750 0.003906250 0.000000000 0.015625000 0.011718750 0.031250000 0.019531250 0.031250000 0.027343750 0.050781250 0.019531250 0.015625000 0.000000000 0.031250000 0.019531250 0.031250000 0.031250000 0.062500000 0.039062500 0.035156250 0.023437500 0.031250000 0.078125000 0.070312500 0.039062500 0.035156250 0.054687500 0.089843750 0.062500000 0.050781250 0.089843750 0.078125000 
0.031250000 0.027343750 0.042968750 0.031250000 0.031250000 0.035156250 0.023437500 0.007812500 0.011718750 0.015625000 0.015625000 0.015625000 0.003906250 0.027343750 0.031250000 0.035156250 0.027343750 0.027343750 0.031250000 0.062500000 0.015625000 0.027343750 0.015625000 0.046875000 0.050781250 0.062500000 0.109375000 0.152343750 0.082031250 0.058593750 0.066406250 0.050781250 0.085937500 0.089843750 0.050781250 0.054687500 0.125000000 0.175781250 0.109375000 0.093750000 0.128906250 0.148437500 
0.035156250 0.035156250 0.050781250 0.027343750 0.042968750 0.035156250 0.039062500 0.027343750 0.027343750 0.039062500 0.050781250 0.023437500 0.023437500 0.058593750 0.050781250 0.050781250 0.050781250 0.050781250 0.039062500 0.062500000 0.062500000 0.046875000 0.058593750 0.078125000 0.085937500 0.074218750 0.136718750 0.167968750 0.128906250 0.105468750 0.085937500 0.101562500 0.136718750 0.117187500 0.101562500 0.097656250 0.152343750 0.179687500 0.136718750 0.121093750 0.171875000 0.167968750 
0.035156250 0.042968750 0.070312500 0.093750000 0.082031250 0.082031250 0.042968750 0.054687500 0.039062500 0.074218750 0.058593750 0.023437500 0.058593750 0.093750000 0.074218750 0.019531250 0.054687500 0.046875000 0.042968750 0.070312500 0.066406250 0.062500000 0.070312500 0.074218750 0.109375000 0.074218750 0.148437500 0.242187500 0.265625000 0.183593750 0.113281250 0.121093750 0.113281250 0.101562500 0.101562500 0.113281250 0.167968750 0.183593750 0.164062500 0.152343750 0.152343750 0.156250000 
0.027343750 0.039062500 0.070312500 0.085937500 0.070312500 0.078125000 0.039062500 0.050781250 0.042968750 0.066406250 0.062500000 0.023437500 0.058593750 0.085937500 0.058593750 0.019531250 0.042968750 0.042968750 0.050781250 0.066406250 0.066406250 0.058593750 0.054687500 0.066406250 0.082031250 0.054687500 0.101562500 0.203125000 0.257812500 0.164062500 0.105468750 0.105468750 0.093750000 0.089843750 0.085937500 0.105468750 0.085937500 0.117187500 0.109375000 0.136718750 0.128906250 0.093750000 
0.019531250 0.039062500 0.089843750 0.054687500 0.062500000 0.078125000 0.058593750 0.054687500 0.031250000 0.050781250 0.035156250 0.035156250 0.070312500 0.070312500 0.054687500 0.015625000 0.035156250 0.015625000 0.035156250 0.058593750 0.027343750 0.039062500 0.042968750 0.046875000 0.074218750 0.050781250 0.085937500 0.207031250 0.242187500 0.167968750 0.097656250 0.078125000 0.066406250 0.082031250 0.062500000 0.050781250 0.074218750 0.117187500 0.093750000 0.132812500 0.113281250 0.082031250 
0.007812500 0.023437500 0.019531250 0.003906250 0.003906250 0.015625000 0.007812500 0.011718750 0.015625000 0.011718750 0.023437500 0.019531250 0.003906250 0.023437500 0.019531250 0.011718750 0.011718750 0.000000000 0.011718750 0.019531250 0.007812500 0.007812500 0.023437500 0.031250000 0.015625000 0.031250000 0.062500000 0.062500000 0.046875000 0.050781250 0.070312500 0.050781250 0.031250000 0.039062500 0.031250000 0.035156250 0.050781250 0.093750000 0.093750000 0.109375000 0.074218750 0.066406250 
0.015625000 0.023437500 0.015625000 0.003906250 0.007812500 0.015625000 0.007812500 0.007812500 0.019531250 0.003906250 0.019531250 0.023437500 0.003906250 0.023437500 0.007812500 0.000000000 0.000000000 0.000000000 0.000000000 0.000000000 0.000000000 0.007812500 0.011718750 0.023437500 0.011718750 0.019531250 0.042968750 0.054687500 0.039062500 0.042968750 0.054687500 0.042968750 0.011718750 0.019531250 0.003906250 0.015625000 0.027343750 0.093750000 0.074218750 0.105468750 0.054687500 0.046875000 
0.007812500 0.011718750 0.011718750 0.007812500 0.007812500 0.000000000 0.000000000 0.000000000 0.000000000 0.007812500 0.011718750 0.011718750 0.007812500 0.011718750 0.007812500 0.000000000 0.000000000 0.000000000 0.000000000 0.000000000 0.000000000 0.003906250 0.019531250 0.019531250 0.000000000 0.003906250 0.039062500 0.046875000 0.015625000 0.015625000 0.058593750 0.027343750 0.000000000 0.023437500 0.000000000 0.000000000 0.015625000 0.070312500 0.031250000 0.082031250 0.019531250 0.035156250 
0.000000000 0.000000000 0.000000000 0.000000000 0.000000000 0.000000000 0.000000000 0.000000000 0.000000000 0.000000000 0.000000000 0.000000000 0.000000000 0.000000000 0.000000000 0.000000000 0.000000000 0.000000000 0.000000000 0.000000000 0.000000000 0.000000000 0.000000000 0.000000000 0.000000000 0.000000000 0.000000000 0.000000000 0.000000000 0.000000000 0.000000000 0.000000000 0.000000000 0.000000000 0.000000000 0.000000000 0.000000000 0.000000000 0.000000000 0.000000000 0.000000000 0.000000000 
0.000000000 0.000000000 0.000000000 0.000000000 0.000000000 0.000000000 0.000000000 0.000000000 0.000000000 0.000000000 0.000000000 0.000000000 0.000000000 0.000000000 0.000000000 0.000000000 0.000000000 0.000000000 0.000000000 0.000000000 0.000000000 0.000000000 0.000000000 0.000000000 0.000000000 0.000000000 0.000000000 0.000000000 0.000000000 0.000000000 0.000000000 0.000000000 0.000000000 0.000000000 0.000000000 0.000000000 0.000000000 0.000000000 0.000000000 0.000000000 0.000000000 0.000000000 
0.000000000 0.000000000 0.000000000 0.000000000 0.000000000 0.000000000 0.000000000 0.000000000 0.000000000 0.000000000 0.000000000 0.000000000 0.000000000 0.000000000 0.000000000 0.000000000 0.000000000 0.000000000 0.000000000 0.000000000 0.000000000 0.000000000 0.000000000 0.000000000 0.000000000 0.000000000 0.000000000 0.000000000 0.000000000 0.000000000 0.000000000 0.000000000 0.000000000 0.000000000 0.000000000 0.000000000 0.000000000 0.000000000 0.000000000 0.000000000 0.000000000 0.000000000 
0.000000000 0.000000000 0.000000000 0.000000000 0.000000000 0.000000000 0.000000000 0.000000000 0.000000000 0.000000000 0.000000000 0.000000000 0.000000000 0.000000000 0.000000000 0.000000000 0.000000000 0.000000000 0.000000000 0.000000000 0.000000000 0.000000000 0.000000000 0.000000000 0.000000000 0.000000000 0.000000000 0.000000000 0.000000000 0.000000000 0.000000000 0.000000000 0.000000000 0.000000000 0.000000000 0.000000000 0.000000000 0.000000000 0.000000000 0.000000000 0.000000000 0.000000000 
0.000000000 0.000000000 0.000000000 0.000000000 0.000000000 0.000000000 0.000000000 0.000000000 0.000000000 0.000000000 0.000000000 0.000000000 0.000000000 0.000000000 0.000000000 0.000000000 0.000000000 0.000000000 0.000000000 0.000000000 0.000000000 0.000000000 0.000000000 0.000000000 0.000000000 0.000000000 0.000000000 0.000000000 0.000000000 0.000000000 0.000000000 0.000000000 0.000000000 0.000000000 0.000000000 0.000000000 0.000000000 0.000000000 0.000000000 0.000000000 0.000000000 0.000000000 
0.000000000 0.000000000 0.000000000 0.000000000 0.000000000 0.000000000 0.000000000 0.000000000 0.000000000 0.000000000 0.000000000 0.000000000 0.000000000 0.000000000 0.000000000 0.000000000 0.000000000 0.000000000 0.000000000 0.000000000 0.000000000 0.000000000 0.000000000 0.000000000 0.000000000 0.000000000 0.000000000 0.000000000 0.000000000 0.000000000 0.000000000 0.000000000 0.000000000 0.000000000 0.000000000 0.000000000 0.000000000 0.000000000 0.000000000 0.000000000 0.000000000 0.000000000 
0.000000000 0.000000000 0.000000000 0.000000000 0.000000000 0.000000000 0.000000000 0.000000000 0.000000000 0.000000000 0.000000000 0.000000000 0.000000000 0.000000000 0.000000000 0.000000000 0.000000000 0.000000000 0.000000000 0.000000000 0.000000000 0.000000000 0.000000000 0.000000000 0.000000000 0.000000000 0.000000000 0.000000000 0.000000000 0.000000000 0.000000000 0.000000000 0.000000000 0.000000000 0.000000000 0.000000000 0.000000000 0.000000000 0.000000000 0.000000000 0.000000000 0.000000000 
0.000000000 0.000000000 0.000000000 0.000000000 0.000000000 0.000000000 0.000000000 0.000000000 0.000000000 0.000000000 0.000000000 0.000000000 0.000000000 0.000000000 0.000000000 0.000000000 0.000000000 0.000000000 0.000000000 0.000000000 0.000000000 0.000000000 0.000000000 0.000000000 0.000000000 0.000000000 0.000000000 0.000000000 0.000000000 0.000000000 0.000000000 0.000000000 0.000000000 0.000000000 0.000000000 0.000000000 0.000000000 0.000000000 0.000000000 0.000000000 0.000000000 0.000000000 
0.000000000 0.000000000 0.000000000 0.000000000 0.000000000 0.000000000 0.000000000 0.000000000 0.000000000 0.000000000 0.000000000 0.000000000 0.000000000 0.000000000 0.000000000 0.000000000 0.000000000 0.000000000 0.000000000 0.000000000 0.000000000 0.000000000 0.000000000 0.000000000 0.000000000 0.000000000 0.000000000 0.000000000 0.000000000 0.000000000 0.000000000 0.000000000 0.000000000 0.000000000 0.000000000 0.000000000 0.000000000 0.000000000 0.000000000 0.000000000 0.000000000 0.000000000 
0.000000000 0.000000000 0.000000000 0.000000000 0.000000000 0.000000000 0.000000000 0.000000000 0.000000000 0.000000000 0.000000000 0.000000000 0.000000000 0.000000000 0.000000000 0.000000000 0.000000000 0.000000000 0.000000000 0.000000000 0.000000000 0.000000000 0.000000000 0.000000000 0.000000000 0.000000000 0.000000000 0.000000000 0.000000000 0.000000000 0.000000000 0.000000000 0.000000000 0.000000000 0.000000000 0.000000000 0.000000000 0.000000000 0.000000000 0.000000000 0.000000000 0.000000000 
0.000000000 0.000000000 0.000000000 0.000000000 0.000000000 0.000000000 0.000000000 0.000000000 0.000000000 0.000000000 0.000000000 0.000000000 0.000000000 0.000000000 0.000000000 0.000000000 0.000000000 0.000000000 0.000000000 0.000000000 0.000000000 0.000000000 0.000000000 0.000000000 0.000000000 0.000000000 0.000000000 0.000000000 0.000000000 0.000000000 0.000000000 0.000000000 0.000000000 0.000000000 0.000000000 0.000000000 0.000000000 0.000000000 0.000000000 0.000000000 0.000000000 0.000000000 
0.000000000 0.000000000 0.000000000 0.000000000 0.000000000 0.000000000 0.000000000 0.000000000 0.000000000 0.000000000 0.000000000 0.000000000 0.000000000 0.000000000 0.000000000 0.000000000 0.000000000 0.000000000 0.000000000 0.000000000 0.000000000 0.000000000 0.000000000 0.000000000 0.000000000 0.000000000 0.000000000 0.000000000 0.000000000 0.000000000 0.000000000 0.000000000 0.000000000 0.000000000 0.000000000 0.000000000 0.000000000 0.000000000 0.000000000 0.000000000 0.000000000 0.000000000 
0.000000000 0.000000000 0.000000000 0.000000000 0.000000000 0.000000000 0.000000000 0.000000000 0.000000000 0.000000000 0.000000000 0.000000000 0.000000000 0.000000000 0.000000000 0.000000000 0.000000000 0.000000000 0.000000000 0.000000000 0.000000000 0.000000000 0.000000000 0.000000000 0.000000000 0.000000000 0.000000000 0.000000000 0.000000000 0.000000000 0.000000000 0.000000000 0.000000000 0.000000000 0.000000000 0.000000000 0.000000000 0.000000000 0.000000000 0.000000000 0.000000000 0.000000000 
0.000000000 0.000000000 0.000000000 0.000000000 0.000000000 0.000000000 0.000000000 0.000000000 0.000000000 0.000000000 0.000000000 0.000000000 0.000000000 0.000000000 0.000000000 0.000000000 0.000000000 0.000000000 0.000000000 0.000000000 0.000000000 0.000000000 0.000000000 0.000000000 0.000000000 0.000000000 0.000000000 0.000000000 0.000000000 0.000000000 0.000000000 0.000000000 0.000000000 0.000000000 0.000000000 0.000000000 0.000000000 0.000000000 0.000000000 0.000000000 0.000000000 0.000000000 
0.000000000 0.000000000 0.000000000 0.000000000 0.000000000 0.000000000 0.000000000 0.000000000 0.000000000 0.000000000 0.000000000 0.000000000 0.000000000 0.000000000 0.000000000 0.000000000 0.000000000 0.000000000 0.000000000 0.000000000 0.000000000 0.000000000 0.000000000 0.000000000 0.000000000 0.000000000 0.000000000 0.000000000 0.000000000 0.000000000 0.000000000 0.000000000 0.000000000 0.000000000 0.000000000 0.000000000 0.000000000 0.000000000 0.000000000 0.000000000 0.000000000 0.000000000 
0.000000000 0.000000000 0.000000000 0.000000000 0.000000000 0.000000000 0.000000000 0.000000000 0.000000000 0.000000000 0.000000000 0.000000000 0.000000000 0.000000000 0.000000000 0.000000000 0.000000000 0.000000000 0.000000000 0.000000000 0.000000000 0.000000000 0.000000000 0.000000000 0.000000000 0.000000000 0.000000000 0.000000000 0.000000000 0.000000000 0.000000000 0.000000000 0.000000000 0.000000000 0.000000000 0.000000000 0.000000000 0.000000000 0.000000000 0.000000000 0.000000000 0.000000000 
0.000000000 0.000000000 0.000000000 0.000000000 0.000000000 0.000000000 0.000000000 0.000000000 0.000000000 0.000000000 0.000000000 0.000000000 0.000000000 0.000000000 0.000000000 0.000000000 0.000000000 0.000000000 0.000000000 0.000000000 0.000000000 0.000000000 0.000000000 0.000000000 0.000000000 0.000000000 0.000000000 0.000000000 0.000000000 0.000000000 0.000000000 0.000000000 0.000000000 0.000000000 0.000000000 0.000000000 0.000000000 0.000000000 0.000000000 0.000000000 0.000000000 0.000000000 
0.000000000 0.000000000 0.000000000 0.000000000 0.000000000 0.000000000 0.000000000 0.000000000 0.000000000 0.000000000 0.000000000 0.000000000 0.000000000 0.000000000 0.000000000 0.000000000 0.000000000 0.000000000 0.000000000 0.000000000 0.000000000 0.000000000 0.000000000 0.000000000 0.000000000 0.000000000 0.000000000 0.000000000 0.000000000 0.000000000 0.000000000 0.000000000 0.000000000 0.000000000 0.000000000 0.000000000 0.000000000 0.000000000 0.000000000 0.000000000 0.000000000 0.000000000 
0.000000000 0.000000000 0.000000000 0.000000000 0.000000000 0.000000000 0.000000000 0.000000000 0.000000000 0.000000000 0.000000000 0.000000000 0.000000000 0.000000000 0.000000000 0.000000000 0.000000000 0.000000000 0.000000000 0.000000000 0.000000000 0.000000000 0.000000000 0.000000000 0.000000000 0.000000000 0.000000000 0.000000000 0.000000000 0.000000000 0.000000000 0.000000000 0.000000000 0.000000000 0.000000000 0.000000000 0.000000000 0.000000000 0.000000000 0.000000000 0.000000000 0.000000000 
