0.000000000 0.000000000 0.000000000 0.000000000 0.000000000 0.000000000 0.000000000 0.000000000 0.000000000 0.000000000 0.000000000 0.000000000 0.000000000 0.000000000 0.000000000 0.000000000 0.000000000 0.000000000 0.000000000 0.000000000 0.000000000 0.000000000 0.000000000 0.000000000 0.000000000 0.000000000 0.000000000 0.000000000 0.000000000 0.000000000 0.000000000 0.000000000 0.000000000 0.000000000 0.000000000 0.000000000 0.000000000 0.000000000 0.000000000 0.000000000 0.000000000 0.000000000 
0.148437500 0.125000000 0.148437500 0.128906250 0.121093750 0.113281250 0.089843750 0.066406250 0.031250000 0.007812500 0.015625000 0.027343750 0.050781250 0.054687500 0.042968750 0.019531250 0.000000000 0.019531250 0.031250000 0.031250000 0.011718750 0.000000000 0.019531250 0.019531250 0.007812500 0.003906250 0.027343750 0.007812500 0.000000000 0.019531250 0.000000000 0.000000000 0.000000000 0.000000000 0.000000000 0.000000000 0.000000000 0.000000000 0.000000000 0.000000000 0.000000000 0.000000000 
0.132812500 0.136718750 0.152343750 0.113281250 0.140625000 0.101562500 0.101562500 0.054687500 0.054687500 0.019531250 0.039062500 0.039062500 0.062500000 0.058593750 0.054687500 0.046875000 0.039062500 0.031250000 0.046875000 0.046875000 0.039062500 0.035156250 0.042968750 0.035156250 0.031250000 0.027343750 0.031250000 0.023437500 0.007812500 0.015625000 0.003906250 0.000000000 0.000000000 0.003906250 0.011718750 0.011718750 0.015625000 0.023437500 0.011718750 0.011718750 0.003906250 0.000000000 
0.132812500 0.136718750 0.152343750 0.113281250 0.140625000 0.101562500 0.101562500 0.054687500 0.054687500 0.019531250 0.039062500 0.039062500 0.062500000 0.058593750 0.054687500 0.046875000 0.039062500 0.031250000 0.046875000 0.046875000 0.039062500 0.035156250 0.042968750 0.035156250 0.031250000 0.027343750 0.031250000 0.023437500 0.007812500 0.015625000 0.003906250 0.000000000 0.000000000 0.003906250 0.011718750 0.011718750 0.015625000 0.023437500 0.011718750 0.011718750 0.003906250 0.000000000 
0.019531250 0.015625000 0.019531250 0.019531250 0.019531250 0.023437500 0.023437500 0.023437500 0.027343750 0.027343750 0.031250000 0.031250000 0.031250000 0.035156250 0.042968750 0.039062500 0.027343750 0.031250000 0.031250000 0.031250000 0.035156250 0.039062500 0.035156250 0.019531250 0.023437500 0.023437500 0.023437500 0.000000000 0.000000000 0.000000000 0.000000000 0.000000000 0.000000000 0.000000000 0.000000000 0.000000000 0.000000000 0.000000000 0.000000000 0.000000000 0.000000000 0.000000000 
0.000000000 0.000000000 0.000000000 0.000000000 0.000000000 0.000000000 0.000000000 0.000000000 0.000000000 0.000000000 0.000000000 0.000000000 0.000000000 0.000000000 0.000000000 0.000000000 0.000000000 0.000000000 0.000000000 0.000000000 0.000000000 0.000000000 0.000000000 0.000000000 0.000000000 0.000000000 0.000000000 0.000000000 0.000000000 0.000000000 0.000000000 0.000000000 0.000000000 0.000000000 0.000000000 0.000000000 0.000000000 0.000000000 0.000000000 0.000000000 0.000000000 0.000000000 
0.000000000 0.000000000 0.000000000 0.000000000 0.000000000 0.000000000 0.000000000 0.000000000 0.000000000 0.000000000 0.000000000 0.000000000 0.000000000 0.000000000 0.000000000 0.000000000 0.000000000 0.000000000 0.000000000 0.000000000 0.000000000 0.000000000 0.000000000 0.000000000 0.000000000 0.000000000 0.000000000 0.000000000 0.000000000 0.000000000 0.000000000 0.000000000 0.000000000 0.000000000 0.000000000 0.000000000 0.000000000 0.000000000 0.000000000 0.000000000 0.000000000 0.000000000 
0.000000000 0.000000000 0.000000000 0.000000000 0.000000000 0.000000000 0.000000000 0.000000000 0.000000000 0.000000000 0.000000000 0.000000000 0.000000000 0.000000000 0.000000000 0.000000000 0.000000000 0.000000000 0.000000000 0.000000000 0.000000000 0.000000000 0.000000000 0.000000000 0.000000000 0.000000000 0.000000000 0.000000000 0.000000000 0.000000000 0.000000000 0.000000000 0.000000000 0.000000000 0.000000000 0.000000000 0.000000000 0.000000000 0.000000000 0.000000000 0.000000000 0.000000000 
0.000000000 0.000000000 0.000000000 0.000000000 0.000000000 0.000000000 0.000000000 0.000000000 0.000000000 0.000000000 0.000000000 0.000000000 0.000000000 0.000000000 0.000000000 0.000000000 0.000000000 0.000000000 0.000000000 0.000000000 0.000000000 0.000000000 0.000000000 0.000000000 0.000000000 0.000000000 0.000000000 0.000000000 0.000000000 0.000000000 0.000000000 0.000000000 0.000000000 0.000000000 0.000000000 0.000000000 0.000000000 0.000000000 0.000000000 0.000000000 0.000000000 0.000000000 
0.000000000 0.000000000 0.000000000 0.000000000 0.000000000 0.000000000 0.000000000 0.000000000 0.000000000 0.000000000 0.000000000 0.000000000 0.000000000 0.000000000 0.000000000 0.000000000 0.000000000 0.000000000 0.000000000 0.000000000 0.000000000 0.000000000 0.000000000 0.000000000 0.000000000 0.000000000 0.000000000 0.000000000 0.000000000 0.000000000 0.000000000 0.000000000 0.000000000 0.000000000 0.000000000 0.000000000 0.000000000 0.000000000 0.000000000 0.000000000 0.000000000 0.000000000 
0.007812500 0.011718750 0.015625000 0.011718750 0.011718750 0.015625000 0.015625000 0.015625000 0.019531250 0.019531250 0.019531250 0.019531250 0.023437500 0.023437500 0.023437500 0.027343750 0.027343750 0.031250000 0.031250000 0.031250000 0.035156250 0.023437500 0.019531250 0.019531250 0.023437500 0.023437500 0.027343750 0.027343750 0.027343750 0.011718750 0.000000000 0.000000000 0.000000000 0.000000000 0.000000000 0.000000000 0.000000000 0.000000000 0.000000000 0.000000000 0.000000000 0.000000000 
0.277343750 0.109375000 0.140625000 0.152343750 0.089843750 0.113281250 0.175781250 0.113281250 0.093750000 0.089843750 0.074218750 0.042968750 0.031250000 0.050781250 0.085937500 0.113281250 0.171875000 0.140625000 0.054687500 0.066406250 0.097656250 0.070312500 0.066406250 0.132812500 0.054687500 0.109375000 0.066406250 0.128906250 0.078125000 0.062500000 0.042968750 0.050781250 0.042968750 0.054687500 0.101562500 0.011718750 0.035156250 0.042968750 0.074218750 0.019531250 0.062500000 0.085937500 
0.371093750 0.226562500 0.285156250 0.277343750 0.214843750 0.242187500 0.230468750 0.148437500 0.238281250 0.171875000 0.105468750 0.046875000 0.070312500 0.128906250 0.121093750 0.136718750 0.175781250 0.152343750 0.082031250 0.089843750 0.121093750 0.113281250 0.089843750 0.140625000 0.085937500 0.156250000 0.089843750 0.136718750 0.105468750 0.078125000 0.074218750 0.082031250 0.054687500 0.082031250 0.117187500 0.042968750 0.078125000 0.078125000 0.082031250 0.042968750 0.089843750 0.121093750 
0.324218750 0.257812500 0.703125000 2.296875000 2.656250000 1.355468750 1.347656250 2.199218750 2.718750000 3.019531250 2.535156250 1.718750000 0.800781250 0.835937500 0.394531250 0.386718750 0.355468750 0.449218750 0.964843750 0.796875000 1.187500000 0.789062500 0.851562500 0.796875000 0.343750000 0.179687500 0.191406250 0.187500000 0.183593750 0.148437500 0.140625000 0.152343750 0.140625000 0.156250000 0.187500000 0.214843750 0.144531250 0.191406250 0.207031250 0.160156250 0.152343750 0.214843750 
0.171875000 0.125000000 0.550781250 3.070312500 2.957031250 1.597656250 1.648437500 3.750000000 2.480468750 3.695312500 4.378906250 1.722656250 1.214843750 0.820312500 0.359375000 0.332031250 0.386718750 0.339843750 0.683593750 1.042968750 1.300781250 0.906250000 1.312500000 1.367187500 0.582031250 0.230468750 0.218750000 0.105468750 0.164062500 0.109375000 0.125000000 0.148437500 0.152343750 0.113281250 0.203125000 0.277343750 0.144531250 0.207031250 0.246093750 0.140625000 0.187500000 0.226562500 
0.523437500 0.359375000 0.550781250 3.707031250 2.585937500 1.839843750 0.886718750 4.214843750 3.277343750 3.222656250 5.859375000 2.031250000 1.441406250 0.980468750 0.406250000 0.601562500 0.390625000 0.441406250 0.742187500 1.074218750 1.304687500 0.855468750 1.289062500 1.515625000 0.589843750 0.277343750 0.277343750 0.156250000 0.218750000 0.125000000 0.175781250 0.191406250 0.179687500 0.152343750 0.238281250 0.300781250 0.222656250 0.292968750 0.281250000 0.195312500 0.253906250 0.312500000 
0.132812500 0.257812500 0.414062500 3.675781250 1.394531250 0.457031250 0.683593750 4.062500000 2.468750000 1.929687500 6.347656250 2.382812500 1.109375000 0.976562500 0.304687500 0.613281250 0.257812500 0.492187500 0.460937500 1.019531250 1.417968750 1.042968750 1.203125000 1.390625000 0.527343750 0.316406250 0.273437500 0.234375000 0.203125000 0.164062500 0.218750000 0.269531250 0.226562500 0.179687500 0.261718750 0.238281250 0.238281250 0.296875000 0.261718750 0.226562500 0.242187500 0.328125000 
0.484375000 0.527343750 0.835937500 3.957031250 1.195312500 0.324218750 1.140625000 4.078125000 1.468750000 1.800781250 6.796875000 2.074218750 1.144531250 1.320312500 0.394531250 0.875000000 0.378906250 0.644531250 0.371093750 0.792968750 1.167968750 0.898437500 0.718750000 1.089843750 0.554687500 0.464843750 0.386718750 0.355468750 0.242187500 0.179687500 0.289062500 0.398437500 0.324218750 0.269531250 0.300781250 0.289062500 0.269531250 0.355468750 0.363281250 0.261718750 0.316406250 0.449218750 
0.238281250 0.328125000 0.542968750 3.757812500 1.691406250 0.730468750 1.445312500 4.015625000 0.707031250 1.742187500 7.023437500 2.269531250 1.007812500 1.875000000 1.273437500 1.054687500 0.457031250 0.800781250 0.601562500 1.132812500 1.757812500 1.847656250 1.726562500 1.656250000 0.625000000 0.351562500 0.429687500 0.417968750 0.421875000 0.390625000 0.382812500 0.429687500 0.332031250 0.371093750 0.468750000 0.343750000 0.406250000 0.496093750 0.417968750 0.414062500 0.492187500 0.476562500 
0.191406250 0.445312500 0.675781250 3.855468750 1.546875000 0.480468750 1.132812500 3.933593750 1.175781250 2.171875000 7.144531250 2.152343750 1.699218750 1.484375000 0.476562500 1.027343750 0.640625000 0.699218750 0.574218750 1.257812500 2.617187500 1.925781250 1.636718750 1.527343750 0.613281250 0.324218750 0.347656250 0.300781250 0.253906250 0.253906250 0.230468750 0.265625000 0.218750000 0.230468750 0.355468750 0.339843750 0.308593750 0.269531250 0.339843750 0.304687500 0.351562500 0.382812500 
0.136718750 0.335937500 0.429687500 3.726562500 1.394531250 0.285156250 0.734375000 3.640625000 1.281250000 1.882812500 6.730468750 1.714843750 1.625000000 1.281250000 0.460937500 1.003906250 0.414062500 0.718750000 0.730468750 1.492187500 3.230468750 2.199218750 1.890625000 1.570312500 0.460937500 0.222656250 0.187500000 0.187500000 0.156250000 0.160156250 0.167968750 0.152343750 0.167968750 0.175781250 0.324218750 0.316406250 0.226562500 0.269531250 0.332031250 0.269531250 0.320312500 0.285156250 
0.066406250 0.343750000 0.355468750 3.683593750 1.140625000 0.078125000 0.554687500 3.285156250 0.621093750 1.242187500 5.953125000 1.011718750 1.343750000 1.121093750 0.394531250 0.820312500 0.414062500 0.660156250 0.906250000 1.292968750 3.847656250 2.886718750 2.507812500 2.347656250 0.621093750 0.222656250 0.203125000 0.164062500 0.152343750 0.171875000 0.148437500 0.140625000 0.160156250 0.199218750 0.300781250 0.320312500 0.203125000 0.261718750 0.289062500 0.238281250 0.363281250 0.363281250 
0.066406250 0.289062500 0.175781250 3.535156250 1.007812500 0.082031250 0.449218750 3.023437500 0.226562500 0.605468750 5.367187500 0.472656250 0.968750000 1.062500000 0.417968750 0.789062500 0.273437500 0.523437500 0.750000000 0.917968750 3.214843750 1.941406250 1.761718750 1.921875000 0.421875000 0.242187500 0.187500000 0.203125000 0.144531250 0.179687500 0.199218750 0.164062500 0.164062500 0.210937500 0.351562500 0.328125000 0.250000000 0.308593750 0.300781250 0.234375000 0.367187500 0.351562500 
0.328125000 0.257812500 0.453125000 3.777343750 1.378906250 0.542968750 1.195312500 2.832031250 0.429687500 1.742187500 5.730468750 0.906250000 1.367187500 1.597656250 0.832031250 0.851562500 0.640625000 0.843750000 1.296875000 1.261718750 3.785156250 2.070312500 2.207031250 2.277343750 1.003906250 0.820312500 0.691406250 0.582031250 0.515625000 0.406250000 0.468750000 0.457031250 0.386718750 0.339843750 0.488281250 0.570312500 0.472656250 0.441406250 0.488281250 0.496093750 0.460937500 0.539062500 
0.054687500 0.218750000 0.394531250 3.968750000 1.765625000 0.808593750 1.675781250 2.992187500 1.027343750 2.656250000 5.707031250 1.371093750 2.003906250 1.593750000 1.078125000 0.828125000 0.417968750 0.703125000 1.324218750 0.914062500 3.062500000 2.042968750 1.804687500 1.777343750 0.562500000 0.296875000 0.265625000 0.195312500 0.136718750 0.183593750 0.207031250 0.210937500 0.210937500 0.324218750 0.347656250 0.308593750 0.250000000 0.265625000 0.320312500 0.222656250 0.332031250 0.296875000 
0.406250000 0.425781250 0.832031250 4.011718750 1.753906250 0.757812500 1.734375000 2.960937500 1.250000000 3.316406250 5.109375000 1.265625000 2.144531250 0.777343750 0.546875000 0.574218750 0.425781250 0.546875000 1.070312500 1.511718750 2.875000000 2.273437500 1.910156250 1.589843750 0.593750000 0.250000000 0.246093750 0.199218750 0.214843750 0.210937500 0.273437500 0.218750000 0.203125000 0.242187500 0.355468750 0.277343750 0.226562500 0.230468750 0.300781250 0.238281250 0.347656250 0.312500000 
0.183593750 0.363281250 1.062500000 4.097656250 1.980468750 0.906250000 1.968750000 2.691406250 1.121093750 3.132812500 3.738281250 0.539062500 1.902343750 0.691406250 0.507812500 0.746093750 0.773437500 0.355468750 0.921875000 0.949218750 2.410156250 2.250000000 1.812500000 1.464843750 0.734375000 0.210937500 0.210937500 0.167968750 0.203125000 0.187500000 0.203125000 0.164062500 0.187500000 0.261718750 0.304687500 0.210937500 0.242187500 0.234375000 0.292968750 0.285156250 0.289062500 0.285156250 
0.316406250 0.441406250 1.484375000 4.078125000 1.832031250 0.847656250 2.031250000 2.050781250 0.605468750 2.386718750 3.511718750 1.238281250 2.042968750 0.500000000 0.613281250 0.230468750 0.527343750 0.347656250 0.855468750 1.320312500 1.898437500 2.351562500 1.937500000 1.222656250 0.675781250 0.250000000 0.207031250 0.203125000 0.214843750 0.234375000 0.222656250 0.226562500 0.230468750 0.261718750 0.359375000 0.203125000 0.257812500 0.265625000 0.304687500 0.269531250 0.250000000 0.261718750 
0.605468750 0.804687500 2.179687500 3.804687500 1.425781250 0.437500000 1.660156250 1.316406250 0.417968750 3.062500000 3.164062500 1.625000000 2.187500000 0.593750000 0.734375000 0.457031250 0.636718750 0.546875000 0.804687500 1.140625000 1.605468750 2.355468750 1.609375000 1.046875000 0.539062500 0.210937500 0.210937500 0.234375000 0.292968750 0.296875000 0.328125000 0.296875000 0.367187500 0.332031250 0.335937500 0.300781250 0.273437500 0.410156250 0.312500000 0.300781250 0.359375000 0.398437500 
0.800781250 0.992187500 2.449218750 3.394531250 1.144531250 0.519531250 1.714843750 1.398437500 0.816406250 3.640625000 1.507812500 1.179687500 1.964843750 0.484375000 0.457031250 0.445312500 0.460937500 0.300781250 0.398437500 0.917968750 1.605468750 1.949218750 1.593750000 1.070312500 0.554687500 0.250000000 0.207031250 0.183593750 0.128906250 0.156250000 0.210937500 0.214843750 0.179687500 0.179687500 0.292968750 0.269531250 0.250000000 0.242187500 0.269531250 0.222656250 0.222656250 0.273437500 
0.570312500 0.656250000 2.136718750 3.042968750 1.031250000 0.785156250 1.980468750 1.171875000 0.750000000 3.722656250 1.039062500 1.351562500 1.621093750 0.640625000 0.496093750 0.316406250 0.277343750 0.492187500 0.300781250 0.769531250 1.898437500 1.550781250 1.214843750 0.640625000 0.320312500 0.136718750 0.144531250 0.101562500 0.140625000 0.167968750 0.164062500 0.152343750 0.187500000 0.234375000 0.300781250 0.250000000 0.277343750 0.226562500 0.230468750 0.265625000 0.246093750 0.289062500 
0.375000000 0.253906250 1.832031250 2.625000000 0.726562500 0.808593750 1.972656250 0.750000000 1.507812500 4.371093750 1.566406250 1.714843750 1.582031250 0.687500000 0.433593750 0.519531250 0.429687500 0.503906250 0.386718750 0.640625000 2.054687500 1.472656250 1.144531250 0.667968750 0.332031250 0.136718750 0.140625000 0.128906250 0.214843750 0.234375000 0.183593750 0.179687500 0.207031250 0.246093750 0.281250000 0.246093750 0.265625000 0.281250000 0.203125000 0.281250000 0.332031250 0.351562500 
0.414062500 0.515625000 1.804687500 2.183593750 0.316406250 0.640625000 1.882812500 0.542968750 2.226562500 4.144531250 0.937500000 1.640625000 1.148437500 0.746093750 0.468750000 0.507812500 0.191406250 0.339843750 0.382812500 0.777343750 2.031250000 1.332031250 1.156250000 0.652343750 0.367187500 0.195312500 0.160156250 0.156250000 0.140625000 0.183593750 0.152343750 0.140625000 0.191406250 0.253906250 0.230468750 0.261718750 0.285156250 0.195312500 0.167968750 0.320312500 0.328125000 0.281250000 
0.148437500 0.242187500 1.394531250 2.046875000 0.199218750 0.304687500 1.597656250 0.269531250 1.796875000 3.539062500 0.273437500 1.324218750 0.410156250 0.324218750 0.226562500 0.296875000 0.171875000 0.257812500 0.453125000 0.703125000 1.554687500 1.261718750 1.089843750 0.714843750 0.386718750 0.132812500 0.148437500 0.109375000 0.171875000 0.242187500 0.167968750 0.136718750 0.203125000 0.222656250 0.242187500 0.269531250 0.230468750 0.218750000 0.179687500 0.234375000 0.328125000 0.265625000 
0.109375000 0.281250000 1.437500000 1.734375000 0.148437500 0.429687500 1.464843750 0.312500000 2.113281250 3.671875000 0.492187500 1.406250000 0.589843750 0.429687500 0.320312500 0.417968750 0.308593750 0.363281250 0.589843750 0.714843750 1.347656250 1.007812500 0.949218750 0.691406250 0.394531250 0.261718750 0.207031250 0.199218750 0.167968750 0.207031250 0.210937500 0.140625000 0.214843750 0.273437500 0.285156250 0.238281250 0.273437500 0.207031250 0.246093750 0.320312500 0.335937500 0.273437500 
0.089843750 0.128906250 1.257812500 1.953125000 0.429687500 0.531250000 1.734375000 0.898437500 2.925781250 3.738281250 1.085937500 1.398437500 0.550781250 0.445312500 0.269531250 0.195312500 0.136718750 0.167968750 0.367187500 0.503906250 0.816406250 0.914062500 0.988281250 0.718750000 0.355468750 0.164062500 0.144531250 0.148437500 0.152343750 0.144531250 0.187500000 0.179687500 0.183593750 0.242187500 0.269531250 0.238281250 0.257812500 0.226562500 0.261718750 0.273437500 0.261718750 0.281250000 
0.285156250 0.171875000 1.316406250 1.800781250 0.464843750 0.617187500 1.757812500 1.042968750 3.183593750 3.343750000 1.261718750 1.152343750 0.402343750 0.289062500 0.128906250 0.179687500 0.210937500 0.242187500 0.339843750 0.496093750 0.707031250 1.074218750 1.195312500 0.738281250 0.347656250 0.171875000 0.226562500 0.175781250 0.109375000 0.160156250 0.164062500 0.167968750 0.187500000 0.207031250 0.253906250 0.230468750 0.167968750 0.226562500 0.277343750 0.242187500 0.238281250 0.386718750 
0.269531250 0.355468750 1.441406250 1.664062500 0.421875000 0.664062500 1.585937500 1.023437500 3.167968750 2.828125000 1.156250000 0.925781250 0.214843750 0.199218750 0.160156250 0.234375000 0.242187500 0.195312500 0.375000000 0.417968750 0.761718750 0.980468750 0.910156250 0.640625000 0.371093750 0.152343750 0.195312500 0.136718750 0.093750000 0.156250000 0.164062500 0.093750000 0.125000000 0.136718750 0.265625000 0.226562500 0.210937500 0.238281250 0.261718750 0.269531250 0.250000000 0.335937500 
0.210937500 0.148437500 1.339843750 1.687500000 0.410156250 0.734375000 1.425781250 0.851562500 2.875000000 2.527343750 0.882812500 0.816406250 0.417968750 0.402343750 0.242187500 0.277343750 0.269531250 0.226562500 0.308593750 0.343750000 0.867187500 1.105468750 0.871093750 0.644531250 0.488281250 0.261718750 0.308593750 0.250000000 0.238281250 0.195312500 0.203125000 0.195312500 0.121093750 0.226562500 0.238281250 0.242187500 0.230468750 0.226562500 0.285156250 0.261718750 0.261718750 0.414062500 
0.109375000 0.328125000 1.476562500 1.433593750 0.238281250 0.539062500 1.140625000 0.386718750 2.554687500 2.335937500 0.820312500 0.800781250 0.582031250 0.457031250 0.453125000 0.351562500 0.378906250 0.296875000 0.398437500 0.324218750 0.804687500 0.964843750 0.851562500 0.742187500 0.476562500 0.324218750 0.300781250 0.367187500 0.296875000 0.300781250 0.343750000 0.300781250 0.257812500 0.308593750 0.367187500 0.289062500 0.289062500 0.265625000 0.378906250 0.371093750 0.410156250 0.359375000 
0.328125000 0.382812500 1.433593750 1.527343750 0.417968750 0.792968750 1.191406250 0.617187500 2.578125000 1.921875000 0.621093750 0.625000000 0.316406250 0.335937500 0.250000000 0.308593750 0.292968750 0.242187500 0.363281250 0.351562500 0.734375000 0.980468750 1.117187500 1.019531250 0.402343750 0.195312500 0.125000000 0.160156250 0.203125000 0.203125000 0.199218750 0.171875000 0.207031250 0.218750000 0.179687500 0.242187500 0.218750000 0.183593750 0.277343750 0.277343750 0.304687500 0.320312500 
0.246093750 0.324218750 1.328125000 1.503906250 0.496093750 0.742187500 1.132812500 0.671875000 2.550781250 1.507812500 0.500000000 0.527343750 0.097656250 0.183593750 0.164062500 0.144531250 0.195312500 0.132812500 0.230468750 0.226562500 0.496093750 0.820312500 1.039062500 1.207031250 0.425781250 0.152343750 0.187500000 0.152343750 0.160156250 0.156250000 0.167968750 0.117187500 0.187500000 0.175781250 0.160156250 0.132812500 0.199218750 0.183593750 0.218750000 0.320312500 0.281250000 0.261718750 
0.097656250 0.304687500 1.390625000 1.542968750 0.410156250 0.687500000 1.156250000 0.593750000 2.050781250 1.464843750 0.546875000 0.457031250 0.074218750 0.085937500 0.101562500 0.128906250 0.144531250 0.175781250 0.187500000 0.242187500 0.437500000 0.652343750 1.273437500 1.449218750 0.710937500 0.242187500 0.226562500 0.167968750 0.203125000 0.132812500 0.203125000 0.210937500 0.175781250 0.167968750 0.171875000 0.148437500 0.210937500 0.195312500 0.183593750 0.285156250 0.238281250 0.312500000 
0.167968750 0.109375000 1.187500000 1.414062500 0.347656250 0.550781250 1.035156250 0.421875000 1.695312500 1.265625000 0.585937500 0.394531250 0.113281250 0.136718750 0.078125000 0.101562500 0.140625000 0.171875000 0.199218750 0.289062500 0.425781250 0.667968750 0.917968750 1.312500000 0.695312500 0.128906250 0.140625000 0.167968750 0.132812500 0.113281250 0.230468750 0.257812500 0.199218750 0.136718750 0.152343750 0.195312500 0.218750000 0.230468750 0.152343750 0.265625000 0.273437500 0.316406250 
0.140625000 0.246093750 1.199218750 1.179687500 0.355468750 0.437500000 0.773437500 0.269531250 0.972656250 1.015625000 0.386718750 0.332031250 0.164062500 0.144531250 0.125000000 0.160156250 0.152343750 0.156250000 0.160156250 0.199218750 0.433593750 0.679687500 0.800781250 1.125000000 0.554687500 0.093750000 0.109375000 0.164062500 0.132812500 0.109375000 0.207031250 0.265625000 0.179687500 0.164062500 0.199218750 0.222656250 0.203125000 0.218750000 0.210937500 0.222656250 0.238281250 0.335937500 
0.363281250 0.371093750 1.039062500 0.960937500 0.273437500 0.464843750 0.527343750 0.199218750 0.703125000 0.660156250 0.156250000 0.214843750 0.128906250 0.136718750 0.097656250 0.117187500 0.128906250 0.121093750 0.125000000 0.167968750 0.289062500 0.566406250 0.660156250 0.902343750 0.496093750 0.156250000 0.128906250 0.152343750 0.105468750 0.132812500 0.167968750 0.191406250 0.167968750 0.171875000 0.160156250 0.207031250 0.171875000 0.191406250 0.218750000 0.199218750 0.242187500 0.207031250 
0.156250000 0.191406250 0.746093750 0.621093750 0.355468750 0.375000000 0.351562500 0.382812500 0.421875000 0.207031250 0.148437500 0.175781250 0.121093750 0.097656250 0.105468750 0.101562500 0.109375000 0.093750000 0.140625000 0.132812500 0.191406250 0.359375000 0.382812500 0.644531250 0.339843750 0.085937500 0.093750000 0.136718750 0.136718750 0.121093750 0.105468750 0.136718750 0.125000000 0.148437500 0.187500000 0.179687500 0.105468750 0.101562500 0.191406250 0.132812500 0.187500000 0.148437500 
0.105468750 0.242187500 0.535156250 0.472656250 0.160156250 0.152343750 0.136718750 0.105468750 0.121093750 0.089843750 0.140625000 0.066406250 0.082031250 0.093750000 0.093750000 0.113281250 0.109375000 0.062500000 0.093750000 0.097656250 0.113281250 0.109375000 0.058593750 0.109375000 0.117187500 0.074218750 0.070312500 0.050781250 0.066406250 0.066406250 0.109375000 0.097656250 0.089843750 0.089843750 0.097656250 0.113281250 0.117187500 0.105468750 0.097656250 0.109375000 0.082031250 0.054687500 
0.058593750 0.113281250 0.187500000 0.132812500 0.062500000 0.132812500 0.121093750 0.089843750 0.101562500 0.050781250 0.140625000 0.046875000 0.035156250 0.078125000 0.062500000 0.066406250 0.101562500 0.058593750 0.054687500 0.093750000 0.062500000 0.093750000 0.050781250 0.097656250 0.082031250 0.031250000 0.039062500 0.023437500 0.046875000 0.035156250 0.039062500 0.074218750 0.058593750 0.074218750 0.085937500 0.089843750 0.109375000 0.097656250 0.089843750 0.089843750 0.039062500 0.031250000 
0.027343750 0.027343750 0.035156250 0.031250000 0.031250000 0.035156250 0.031250000 0.035156250 0.035156250 0.035156250 0.031250000 0.031250000 0.027343750 0.023437500 0.023437500 0.011718750 0.015625000 0.011718750 0.015625000 0.019531250 0.019531250 0.039062500 0.039062500 0.039062500 0.031250000 0.023437500 0.015625000 0.000000000 0.000000000 0.000000000 0.000000000 0.000000000 0.000000000 0.027343750 0.046875000 0.078125000 0.089843750 0.078125000 0.027343750 0.000000000 0.000000000 0.000000000 
0.117187500 0.199218750 0.324218750 0.214843750 0.453125000 0.660156250 0.441406250 0.441406250 0.277343750 0.460937500 0.351562500 0.484375000 0.320312500 0.187500000 0.296875000 0.355468750 0.390625000 0.332031250 0.234375000 0.308593750 0.265625000 0.812500000 0.722656250 0.750000000 0.710937500 0.757812500 1.312500000 2.242187500 1.144531250 0.238281250 0.164062500 0.078125000 0.128906250 0.101562500 0.093750000 0.042968750 0.066406250 0.125000000 0.132812500 0.171875000 0.171875000 0.132812500 
0.117187500 0.308593750 0.359375000 0.121093750 0.488281250 0.796875000 0.250000000 0.578125000 0.332031250 0.503906250 0.296875000 0.503906250 0.332031250 0.203125000 0.285156250 0.402343750 0.406250000 0.335937500 0.230468750 0.363281250 0.414062500 0.929687500 0.765625000 0.796875000 0.726562500 0.781250000 1.402343750 2.351562500 1.054687500 0.261718750 0.171875000 0.156250000 0.136718750 0.148437500 0.093750000 0.136718750 0.156250000 0.179687500 0.164062500 0.277343750 0.238281250 0.218750000 
0.140625000 0.300781250 0.371093750 0.117187500 0.476562500 0.812500000 0.257812500 0.601562500 0.371093750 0.500000000 0.289062500 0.500000000 0.324218750 0.222656250 0.316406250 0.398437500 0.425781250 0.324218750 0.281250000 0.367187500 0.410156250 0.937500000 0.796875000 0.792968750 0.742187500 0.796875000 1.425781250 2.359375000 1.074218750 0.300781250 0.191406250 0.171875000 0.156250000 0.171875000 0.136718750 0.171875000 0.175781250 0.191406250 0.218750000 0.328125000 0.261718750 0.246093750 
0.187500000 0.214843750 0.210937500 0.136718750 0.402343750 0.527343750 0.121093750 0.421875000 0.398437500 0.277343750 0.218750000 0.156250000 0.121093750 0.210937500 0.140625000 0.144531250 0.160156250 0.160156250 0.121093750 0.238281250 0.433593750 0.410156250 0.285156250 0.285156250 0.222656250 0.246093750 0.777343750 1.226562500 0.773437500 0.410156250 0.167968750 0.250000000 0.152343750 0.187500000 0.179687500 0.226562500 0.210937500 0.171875000 0.218750000 0.292968750 0.226562500 0.210937500 
0.070312500 0.113281250 0.101562500 0.109375000 0.128906250 0.148437500 0.199218750 0.250000000 0.261718750 0.152343750 0.101562500 0.058593750 0.050781250 0.042968750 0.050781250 0.070312500 0.062500000 0.058593750 0.070312500 0.089843750 0.144531250 0.199218750 0.167968750 0.175781250 0.160156250 0.164062500 0.234375000 0.242187500 0.250000000 0.218750000 0.101562500 0.113281250 0.136718750 0.089843750 0.121093750 0.156250000 0.167968750 0.156250000 0.148437500 0.207031250 0.210937500 0.148437500 
0.050781250 0.101562500 0.113281250 0.074218750 0.058593750 0.046875000 0.050781250 0.066406250 0.062500000 0.066406250 0.062500000 0.050781250 0.042968750 0.050781250 0.058593750 0.027343750 0.050781250 0.058593750 0.050781250 0.097656250 0.085937500 0.183593750 0.136718750 0.152343750 0.167968750 0.152343750 0.136718750 0.121093750 0.113281250 0.066406250 0.058593750 0.093750000 0.089843750 0.070312500 0.093750000 0.105468750 0.109375000 0.085937500 0.101562500 0.101562500 0.109375000 0.085937500 
0.105468750 0.121093750 0.117187500 0.058593750 0.054687500 0.097656250 0.093750000 0.070312500 0.066406250 0.062500000 0.070312500 0.066406250 0.054687500 0.046875000 0.074218750 0.054687500 0.070312500 0.097656250 0.074218750 0.097656250 0.074218750 0.105468750 0.089843750 0.097656250 0.117187500 0.144531250 0.117187500 0.113281250 0.101562500 0.078125000 0.082031250 0.097656250 0.085937500 0.089843750 0.109375000 0.109375000 0.121093750 0.093750000 0.093750000 0.097656250 0.085937500 0.105468750 
0.109375000 0.113281250 0.109375000 0.050781250 0.066406250 0.097656250 0.093750000 0.078125000 0.082031250 0.062500000 0.074218750 0.085937500 0.050781250 0.066406250 0.089843750 0.078125000 0.085937500 0.121093750 0.070312500 0.097656250 0.058593750 0.082031250 0.074218750 0.082031250 0.062500000 0.085937500 0.132812500 0.097656250 0.066406250 0.074218750 0.062500000 0.066406250 0.082031250 0.085937500 0.058593750 0.085937500 0.089843750 0.070312500 0.078125000 0.089843750 0.085937500 0.078125000 
0.109375000 0.109375000 0.105468750 0.058593750 0.058593750 0.105468750 0.093750000 0.074218750 0.078125000 0.082031250 0.074218750 0.074218750 0.070312500 0.066406250 0.093750000 0.082031250 0.093750000 0.117187500 0.070312500 0.082031250 0.058593750 0.070312500 0.074218750 0.066406250 0.070312500 0.089843750 0.132812500 0.101562500 0.074218750 0.058593750 0.066406250 0.066406250 0.082031250 0.082031250 0.058593750 0.082031250 0.082031250 0.085937500 0.058593750 0.082031250 0.101562500 0.074218750 
0.062500000 0.062500000 0.050781250 0.031250000 0.054687500 0.066406250 0.054687500 0.054687500 0.062500000 0.066406250 0.058593750 0.062500000 0.078125000 0.054687500 0.062500000 0.062500000 0.054687500 0.058593750 0.050781250 0.078125000 0.058593750 0.074218750 0.046875000 0.070312500 0.058593750 0.097656250 0.105468750 0.121093750 0.117187500 0.105468750 0.082031250 0.066406250 0.082031250 0.097656250 0.074218750 0.066406250 0.089843750 0.082031250 0.175781250 0.132812500 0.078125000 0.058593750 
0.050781250 0.089843750 0.070312500 0.031250000 0.066406250 0.058593750 0.078125000 0.054687500 0.074218750 0.062500000 0.074218750 0.089843750 0.074218750 0.054687500 0.062500000 0.046875000 0.062500000 0.042968750 0.062500000 0.074218750 0.085937500 0.089843750 0.082031250 0.089843750 0.085937500 0.117187500 0.101562500 0.117187500 0.125000000 0.128906250 0.078125000 0.074218750 0.085937500 0.066406250 0.082031250 0.062500000 0.070312500 0.097656250 0.183593750 0.121093750 0.085937500 0.085937500 
0.035156250 0.085937500 0.062500000 0.031250000 0.027343750 0.035156250 0.046875000 0.050781250 0.054687500 0.023437500 0.035156250 0.078125000 0.042968750 0.031250000 0.050781250 0.023437500 0.023437500 0.023437500 0.046875000 0.070312500 0.082031250 0.089843750 0.078125000 0.082031250 0.082031250 0.113281250 0.085937500 0.109375000 0.117187500 0.121093750 0.078125000 0.054687500 0.078125000 0.058593750 0.070312500 0.046875000 0.066406250 0.078125000 0.179687500 0.113281250 0.058593750 0.062500000 
0.042968750 0.050781250 0.062500000 0.035156250 0.015625000 0.019531250 0.039062500 0.050781250 0.046875000 0.023437500 0.031250000 0.070312500 0.050781250 0.027343750 0.046875000 0.015625000 0.003906250 0.007812500 0.046875000 0.035156250 0.074218750 0.062500000 0.070312500 0.070312500 0.066406250 0.097656250 0.078125000 0.035156250 0.050781250 0.082031250 0.050781250 0.027343750 0.054687500 0.011718750 0.019531250 0.023437500 0.058593750 0.054687500 0.035156250 0.003906250 0.011718750 0.042968750 
0.000000000 0.000000000 0.000000000 0.000000000 0.000000000 0.000000000 0.000000000 0.000000000 0.000000000 0.000000000 0.000000000 0.000000000 0.000000000 0.000000000 0.000000000 0.000000000 0.000000000 0.000000000 0.000000000 0.000000000 0.000000000 0.000000000 0.000000000 0.000000000 0.000000000 0.000000000 0.000000000 0.000000000 0.000000000 0.000000000 0.000000000 0.000000000 0.000000000 0.000000000 0.000000000 0.000000000 0.000000000 0.000000000 0.000000000 0.000000000 0.000000000 0.000000000 
0.050781250 0.050781250 0.050781250 0.054687500 0.046875000 0.050781250 0.050781250 0.050781250 0.046875000 0.039062500 0.039062500 0.035156250 0.035156250 0.035156250 0.023437500 0.019531250 0.007812500 0.000000000 0.019531250 0.042968750 0.058593750 0.070312500 0.066406250 0.054687500 0.042968750 0.046875000 0.054687500 0.046875000 0.031250000 0.023437500 0.011718750 0.015625000 0.042968750 0.027343750 0.023437500 0.082031250 0.058593750 0.011718750 0.007812500 0.042968750 0.031250000 0.039062500 
0.054687500 0.050781250 0.050781250 0.054687500 0.046875000 0.050781250 0.050781250 0.054687500 0.042968750 0.039062500 0.035156250 0.039062500 0.031250000 0.031250000 0.027343750 0.015625000 0.011718750 0.003906250 0.023437500 0.050781250 0.070312500 0.066406250 0.074218750 0.046875000 0.054687500 0.058593750 0.050781250 0.042968750 0.031250000 0.031250000 0.023437500 0.019531250 0.046875000 0.042968750 0.031250000 0.082031250 0.066406250 0.031250000 0.027343750 0.058593750 0.035156250 0.046875000 
0.085937500 0.078125000 0.089843750 0.070312500 0.046875000 0.093750000 0.113281250 0.066406250 0.062500000 0.113281250 0.070312500 0.050781250 0.089843750 0.058593750 0.054687500 0.054687500 0.027343750 0.035156250 0.027343750 0.046875000 0.058593750 0.074218750 0.070312500 0.050781250 0.054687500 0.050781250 0.058593750 0.062500000 0.058593750 0.070312500 0.074218750 0.078125000 0.082031250 0.042968750 0.042968750 0.089843750 0.085937500 0.046875000 0.031250000 0.093750000 0.101562500 0.089843750 
0.062500000 0.082031250 0.082031250 0.031250000 0.023437500 0.082031250 0.101562500 0.042968750 0.039062500 0.105468750 0.070312500 0.027343750 0.093750000 0.042968750 0.050781250 0.054687500 0.023437500 0.035156250 0.007812500 0.011718750 0.007812500 0.007812500 0.015625000 0.015625000 0.015625000 0.011718750 0.019531250 0.035156250 0.046875000 0.054687500 0.070312500 0.074218750 0.062500000 0.046875000 0.035156250 0.039062500 0.058593750 0.046875000 0.031250000 0.058593750 0.093750000 0.062500000 
0.062500000 0.082031250 0.082031250 0.035156250 0.019531250 0.082031250 0.101562500 0.042968750 0.035156250 0.105468750 0.066406250 0.027343750 0.093750000 0.046875000 0.050781250 0.054687500 0.023437500 0.035156250 0.015625000 0.019531250 0.011718750 0.015625000 0.019531250 0.019531250 0.023437500 0.023437500 0.019531250 0.035156250 0.046875000 0.062500000 0.070312500 0.074218750 0.070312500 0.046875000 0.039062500 0.050781250 0.058593750 0.062500000 0.035156250 0.074218750 0.097656250 0.085937500 
0.003906250 0.007812500 0.007812500 0.003906250 0.007812500 0.003906250 0.007812500 0.011718750 0.007812500 0.011718750 0.011718750 0.015625000 0.011718750 0.011718750 0.015625000 0.019531250 0.015625000 0.015625000 0.015625000 0.023437500 0.015625000 0.023437500 0.015625000 0.023437500 0.027343750 0.015625000 0.027343750 0.023437500 0.027343750 0.019531250 0.019531250 0.019531250 0.023437500 0.015625000 0.023437500 0.015625000 0.023437500 0.015625000 0.019531250 0.003906250 0.000000000 0.000000000 
0.003906250 0.007812500 0.007812500 0.003906250 0.007812500 0.003906250 0.007812500 0.011718750 0.007812500 0.011718750 0.011718750 0.015625000 0.011718750 0.011718750 0.015625000 0.019531250 0.015625000 0.015625000 0.015625000 0.023437500 0.015625000 0.023437500 0.015625000 0.023437500 0.027343750 0.015625000 0.027343750 0.023437500 0.027343750 0.019531250 0.019531250 0.019531250 0.023437500 0.015625000 0.023437500 0.015625000 0.023437500 0.015625000 0.019531250 0.003906250 0.000000000 0.000000000 
0.003906250 0.007812500 0.003906250 0.007812500 0.007812500 0.007812500 0.007812500 0.007812500 0.007812500 0.007812500 0.011718750 0.011718750 0.007812500 0.011718750 0.015625000 0.011718750 0.015625000 0.011718750 0.015625000 0.019531250 0.015625000 0.019531250 0.019531250 0.019531250 0.023437500 0.023437500 0.027343750 0.027343750 0.027343750 0.031250000 0.019531250 0.000000000 0.000000000 0.000000000 0.000000000 0.000000000 0.000000000 0.000000000 0.000000000 0.000000000 0.000000000 0.000000000 
0.000000000 0.000000000 0.000000000 0.000000000 0.000000000 0.000000000 0.000000000 0.000000000 0.000000000 0.000000000 0.000000000 0.000000000 0.000000000 0.000000000 0.000000000 0.000000000 0.000000000 0.000000000 0.000000000 0.000000000 0.000000000 0.000000000 0.000000000 0.000000000 0.000000000 0.000000000 0.000000000 0.000000000 0.000000000 0.000000000 0.000000000 0.000000000 0.000000000 0.000000000 0.000000000 0.000000000 0.000000000 0.000000000 0.000000000 0.000000000 0.000000000 0.000000000 
0.000000000 0.000000000 0.000000000 0.000000000 0.000000000 0.000000000 0.000000000 0.000000000 0.000000000 0.000000000 0.000000000 0.000000000 0.000000000 0.000000000 0.000000000 0.000000000 0.000000000 0.000000000 0.000000000 0.000000000 0.000000000 0.000000000 0.000000000 0.000000000 0.000000000 0.000000000 0.000000000 0.000000000 0.000000000 0.000000000 0.000000000 0.000000000 0.000000000 0.000000000 0.000000000 0.000000000 0.000000000 0.000000000 0.000000000 0.000000000 0.000000000 0.000000000 
0.000000000 0.000000000 0.000000000 0.000000000 0.000000000 0.000000000 0.000000000 0.000000000 0.000000000 0.000000000 0.000000000 0.000000000 0.000000000 0.000000000 0.000000000 0.000000000 0.000000000 0.000000000 0.000000000 0.000000000 0.000000000 0.000000000 0.000000000 0.000000000 0.000000000 0.000000000 0.000000000 0.000000000 0.000000000 0.000000000 0.000000000 0.000000000 0.000000000 0.000000000 0.000000000 0.000000000 0.000000000 0.000000000 0.000000000 0.000000000 0.000000000 0.000000000 
0.000000000 0.000000000 0.000000000 0.000000000 0.000000000 0.000000000 0.000000000 0.000000000 0.000000000 0.000000000 0.000000000 0.000000000 0.000000000 0.000000000 0.000000000 0.000000000 0.000000000 0.000000000 0.000000000 0.000000000 0.000000000 0.000000000 0.000000000 0.000000000 0.000000000 0.000000000 0.000000000 0.000000000 0.000000000 0.000000000 0.000000000 0.000000000 0.000000000 0.000000000 0.000000000 0.000000000 0.000000000 0.000000000 0.000000000 0.000000000 0.000000000 0.000000000 
0.000000000 0.000000000 0.000000000 0.000000000 0.000000000 0.000000000 0.000000000 0.000000000 0.000000000 0.000000000 0.000000000 0.000000000 0.000000000 0.000000000 0.000000000 0.000000000 0.000000000 0.000000000 0.000000000 0.000000000 0.000000000 0.000000000 0.000000000 0.000000000 0.000000000 0.000000000 0.000000000 0.000000000 0.000000000 0.000000000 0.000000000 0.000000000 0.000000000 0.000000000 0.000000000 0.000000000 0.000000000 0.000000000 0.000000000 0.000000000 0.000000000 0.000000000 
0.000000000 0.000000000 0.000000000 0.000000000 0.000000000 0.000000000 0.000000000 0.000000000 0.000000000 0.000000000 0.000000000 0.000000000 0.000000000 0.000000000 0.000000000 0.000000000 0.000000000 0.000000000 0.000000000 0.000000000 0.000000000 0.000000000 0.000000000 0.000000000 0.000000000 0.000000000 0.000000000 0.000000000 0.000000000 0.000000000 0.000000000 0.000000000 0.000000000 0.000000000 0.000000000 0.000000000 0.000000000 0.000000000 0.000000000 0.000000000 0.000000000 0.000000000 
0.000000000 0.000000000 0.000000000 0.000000000 0.000000000 0.000000000 0.000000000 0.000000000 0.000000000 0.000000000 0.000000000 0.000000000 0.000000000 0.000000000 0.000000000 0.000000000 0.000000000 0.000000000 0.000000000 0.000000000 0.000000000 0.000000000 0.000000000 0.000000000 0.000000000 0.000000000 0.000000000 0.000000000 0.000000000 0.000000000 0.000000000 0.000000000 0.000000000 0.000000000 0.000000000 0.000000000 0.000000000 0.000000000 0.000000000 0.000000000 0.000000000 0.000000000 
0.000000000 0.000000000 0.000000000 0.000000000 0.000000000 0.000000000 0.000000000 0.000000000 0.000000000 0.000000000 0.000000000 0.000000000 0.000000000 0.000000000 0.000000000 0.000000000 0.000000000 0.000000000 0.000000000 0.000000000 0.000000000 0.000000000 0.000000000 0.000000000 0.000000000 0.000000000 0.000000000 0.000000000 0.000000000 0.000000000 0.000000000 0.000000000 0.000000000 0.000000000 0.000000000 0.000000000 0.000000000 0.000000000 0.000000000 0.000000000 0.000000000 0.000000000 
0.000000000 0.000000000 0.000000000 0.000000000 0.000000000 0.000000000 0.000000000 0.000000000 0.000000000 0.000000000 0.000000000 0.000000000 0.000000000 0.000000000 0.000000000 0.000000000 0.000000000 0.000000000 0.000000000 0.000000000 0.000000000 0.000000000 0.000000000 0.000000000 0.000000000 0.000000000 0.000000000 0.000000000 0.000000000 0.000000000 0.000000000 0.000000000 0.000000000 0.000000000 0.000000000 0.000000000 0.000000000 0.000000000 0.000000000 0.000000000 0.000000000 0.000000000 
0.000000000 0.000000000 0.000000000 0.000000000 0.000000000 0.000000000 0.000000000 0.000000000 0.000000000 0.000000000 0.000000000 0.000000000 0.000000000 0.000000000 0.000000000 0.000000000 0.000000000 0.000000000 0.000000000 0.000000000 0.000000000 0.000000000 0.000000000 0.000000000 0.000000000 0.000000000 0.000000000 0.000000000 0.000000000 0.000000000 0.000000000 0.000000000 0.000000000 0.000000000 0.000000000 0.000000000 0.000000000 0.000000000 0.000000000 0.000000000 0.000000000 0.000000000 
0.000000000 0.000000000 0.000000000 0.000000000 0.000000000 0.000000000 0.000000000 0.000000000 0.000000000 0.000000000 0.000000000 0.000000000 0.000000000 0.000000000 0.000000000 0.000000000 0.000000000 0.000000000 0.000000000 0.000000000 0.000000000 0.000000000 0.000000000 0.000000000 0.000000000 0.000000000 0.000000000 0.000000000 0.000000000 0.000000000 0.000000000 0.000000000 0.000000000 0.000000000 0.000000000 0.000000000 0.000000000 0.000000000 0.000000000 0.000000000 0.000000000 0.000000000 
0.000000000 0.000000000 0.000000000 0.000000000 0.000000000 0.000000000 0.000000000 0.000000000 0.000000000 0.000000000 0.000000000 0.000000000 0.000000000 0.000000000 0.000000000 0.000000000 0.000000000 0.000000000 0.000000000 0.000000000 0.000000000 0.000000000 0.000000000 0.000000000 0.000000000 0.000000000 0.000000000 0.000000000 0.000000000 0.000000000 0.000000000 0.000000000 0.000000000 0.000000000 0.000000000 0.000000000 0.000000000 0.000000000 0.000000000 0.000000000 0.000000000 0.000000000 
0.000000000 0.000000000 0.000000000 0.000000000 0.000000000 0.000000000 0.000000000 0.000000000 0.000000000 0.000000000 0.000000000 0.000000000 0.000000000 0.000000000 0.000000000 0.000000000 0.000000000 0.000000000 0.000000000 0.000000000 0.000000000 0.000000000 0.000000000 0.000000000 0.000000000 0.000000000 0.000000000 0.000000000 0.000000000 0.000000000 0.000000000 0.000000000 0.000000000 0.000000000 0.000000000 0.000000000 0.000000000 0.000000000 0.000000000 0.000000000 0.000000000 0.000000000 
0.019531250 0.015625000 0.019531250 0.019531250 0.019531250 0.023437500 0.023437500 0.023437500 0.023437500 0.023437500 0.019531250 0.019531250 0.023437500 0.023437500 0.015625000 0.011718750 0.015625000 0.000000000 0.000000000 0.000000000 0.000000000 0.000000000 0.000000000 0.000000000 0.015625000 0.023437500 0.027343750 0.027343750 0.027343750 0.031250000 0.031250000 0.019531250 0.000000000 0.000000000 0.031250000 0.042968750 0.046875000 0.050781250 0.046875000 0.007812500 0.027343750 0.062500000 
0.019531250 0.015625000 0.019531250 0.019531250 0.019531250 0.023437500 0.023437500 0.023437500 0.023437500 0.023437500 0.019531250 0.019531250 0.023437500 0.023437500 0.015625000 0.011718750 0.015625000 0.000000000 0.000000000 0.000000000 0.000000000 0.000000000 0.000000000 0.000000000 0.015625000 0.023437500 0.027343750 0.027343750 0.027343750 0.031250000 0.031250000 0.019531250 0.000000000 0.000000000 0.031250000 0.042968750 0.046875000 0.050781250 0.046875000 0.007812500 0.027343750 0.062500000 
0.015625000 0.019531250 0.015625000 0.023437500 0.023437500 0.023437500 0.023437500 0.019531250 0.027343750 0.027343750 0.027343750 0.027343750 0.023437500 0.023437500 0.023437500 0.015625000 0.019531250 0.011718750 0.011718750 0.003906250 0.000000000 0.000000000 0.003906250 0.007812500 0.011718750 0.023437500 0.027343750 0.027343750 0.039062500 0.031250000 0.035156250 0.039062500 0.027343750 0.035156250 0.046875000 0.070312500 0.066406250 0.074218750 0.070312500 0.054687500 0.035156250 0.054687500 
0.003906250 0.007812500 0.003906250 0.007812500 0.007812500 0.007812500 0.007812500 0.007812500 0.007812500 0.007812500 0.011718750 0.011718750 0.007812500 0.011718750 0.015625000 0.011718750 0.007812500 0.000000000 0.000000000 0.000000000 0.000000000 0.000000000 0.000000000 0.000000000 0.000000000 0.000000000 0.000000000 0.000000000 0.000000000 0.000000000 0.000000000 0.000000000 0.027343750 0.035156250 0.039062500 0.042968750 0.046875000 0.050781250 0.046875000 0.019531250 0.000000000 0.000000000 
0.003906250 0.007812500 0.003906250 0.007812500 0.007812500 0.007812500 0.007812500 0.007812500 0.007812500 0.007812500 0.011718750 0.011718750 0.007812500 0.011718750 0.015625000 0.011718750 0.007812500 0.000000000 0.000000000 0.000000000 0.000000000 0.000000000 0.000000000 0.000000000 0.000000000 0.000000000 0.000000000 0.000000000 0.000000000 0.000000000 0.000000000 0.000000000 0.027343750 0.035156250 0.039062500 0.042968750 0.046875000 0.050781250 0.046875000 0.019531250 0.000000000 0.000000000 
0.000000000 0.000000000 0.000000000 0.000000000 0.000000000 0.000000000 0.000000000 0.000000000 0.000000000 0.000000000 0.000000000 0.000000000 0.000000000 0.000000000 0.000000000 0.000000000 0.000000000 0.000000000 0.000000000 0.000000000 0.000000000 0.000000000 0.000000000 0.000000000 0.000000000 0.000000000 0.000000000 0.000000000 0.000000000 0.000000000 0.000000000 0.000000000 0.000000000 0.000000000 0.000000000 0.000000000 0.000000000 0.000000000 0.000000000 0.000000000 0.000000000 0.000000000 
0.000000000 0.000000000 0.000000000 0.000000000 0.000000000 0.000000000 0.000000000 0.000000000 0.000000000 0.000000000 0.000000000 0.000000000 0.000000000 0.000000000 0.000000000 0.000000000 0.000000000 0.000000000 0.000000000 0.000000000 0.000000000 0.000000000 0.000000000 0.000000000 0.000000000 0.000000000 0.000000000 0.000000000 0.000000000 0.000000000 0.000000000 0.000000000 0.000000000 0.000000000 0.000000000 0.000000000 0.000000000 0.000000000 0.000000000 0.000000000 0.000000000 0.000000000 
0.000000000 0.000000000 0.000000000 0.000000000 0.000000000 0.000000000 0.000000000 0.000000000 0.000000000 0.000000000 0.000000000 0.000000000 0.000000000 0.000000000 0.000000000 0.000000000 0.000000000 0.000000000 0.000000000 0.000000000 0.000000000 0.000000000 0.000000000 0.000000000 0.000000000 0.000000000 0.000000000 0.000000000 0.000000000 0.000000000 0.000000000 0.000000000 0.000000000 0.000000000 0.000000000 0.000000000 0.000000000 0.000000000 0.000000000 0.000000000 0.000000000 0.000000000 
0.027343750 0.027343750 0.031250000 0.035156250 0.031250000 0.035156250 0.039062500 0.039062500 0.035156250 0.039062500 0.042968750 0.035156250 0.042968750 0.035156250 0.039062500 0.035156250 0.035156250 0.027343750 0.027343750 0.019531250 0.023437500 0.019531250 0.023437500 0.019531250 0.023437500 0.023437500 0.019531250 0.015625000 0.007812500 0.015625000 0.011718750 0.015625000 0.039062500 0.039062500 0.054687500 0.042968750 0.031250000 0.019531250 0.019531250 0.031250000 0.027343750 0.019531250 
0.171875000 0.210937500 0.214843750 0.089843750 0.089843750 0.171875000 0.191406250 0.062500000 0.078125000 0.082031250 0.066406250 0.039062500 0.046875000 0.042968750 0.066406250 0.058593750 0.046875000 0.046875000 0.035156250 0.027343750 0.027343750 0.023437500 0.031250000 0.023437500 0.027343750 0.023437500 0.027343750 0.027343750 0.019531250 0.027343750 0.035156250 0.031250000 0.054687500 0.078125000 0.066406250 0.089843750 0.054687500 0.078125000 0.050781250 0.085937500 0.082031250 0.078125000 
0.171875000 0.210937500 0.214843750 0.089843750 0.089843750 0.171875000 0.191406250 0.062500000 0.078125000 0.082031250 0.066406250 0.039062500 0.046875000 0.042968750 0.066406250 0.058593750 0.046875000 0.046875000 0.035156250 0.027343750 0.027343750 0.023437500 0.031250000 0.023437500 0.027343750 0.023437500 0.027343750 0.027343750 0.019531250 0.027343750 0.035156250 0.031250000 0.054687500 0.078125000 0.066406250 0.089843750 0.054687500 0.078125000 0.050781250 0.085937500 0.082031250 0.078125000 
0.191406250 0.199218750 0.210937500 0.101562500 0.082031250 0.179687500 0.179687500 0.089843750 0.066406250 0.085937500 0.046875000 0.035156250 0.027343750 0.027343750 0.050781250 0.046875000 0.035156250 0.035156250 0.023437500 0.023437500 0.027343750 0.031250000 0.039062500 0.035156250 0.046875000 0.042968750 0.042968750 0.058593750 0.050781250 0.062500000 0.070312500 0.050781250 0.058593750 0.050781250 0.039062500 0.101562500 0.074218750 0.085937500 0.066406250 0.128906250 0.105468750 0.070312500 
