0.167968750 0.140625000 0.148437500 0.140625000 0.125000000 0.085937500 0.132812500 0.085937500 0.085937500 0.140625000 0.152343750 0.097656250 0.089843750 0.089843750 0.109375000 0.054687500 0.101562500 0.093750000 0.089843750 0.125000000 0.117187500 0.082031250 0.070312500 0.078125000 0.085937500 0.062500000 0.070312500 0.074218750 0.078125000 0.074218750 0.082031250 0.085937500 0.089843750 0.136718750 0.132812500 0.089843750 0.167968750 0.128906250 0.089843750 0.089843750 0.117187500 0.082031250 
0.316406250 0.222656250 0.171875000 0.148437500 0.128906250 0.148437500 0.117187500 0.093750000 0.093750000 0.058593750 0.066406250 0.062500000 0.074218750 0.089843750 0.074218750 0.062500000 0.089843750 0.058593750 0.085937500 0.117187500 0.089843750 0.093750000 0.136718750 0.128906250 0.113281250 0.093750000 0.101562500 0.066406250 0.070312500 0.070312500 0.050781250 0.121093750 0.121093750 0.125000000 0.113281250 0.078125000 0.078125000 0.089843750 0.117187500 0.136718750 0.164062500 0.132812500 
0.332031250 0.203125000 0.152343750 0.160156250 0.144531250 0.207031250 0.082031250 0.140625000 0.101562500 0.042968750 0.082031250 0.117187500 0.117187500 0.097656250 0.093750000 0.050781250 0.097656250 0.074218750 0.070312500 0.066406250 0.058593750 0.089843750 0.132812500 0.164062500 0.144531250 0.105468750 0.117187500 0.132812500 0.070312500 0.082031250 0.050781250 0.117187500 0.167968750 0.121093750 0.140625000 0.097656250 0.089843750 0.109375000 0.148437500 0.136718750 0.128906250 0.152343750 
0.292968750 0.203125000 0.125000000 0.093750000 0.152343750 0.128906250 0.105468750 0.125000000 0.101562500 0.039062500 0.078125000 0.125000000 0.101562500 0.089843750 0.070312500 0.050781250 0.097656250 0.066406250 0.035156250 0.042968750 0.046875000 0.082031250 0.136718750 0.152343750 0.128906250 0.101562500 0.121093750 0.132812500 0.062500000 0.085937500 0.046875000 0.113281250 0.148437500 0.132812500 0.132812500 0.101562500 0.089843750 0.109375000 0.148437500 0.128906250 0.136718750 0.144531250 
0.242187500 0.167968750 0.222656250 0.148437500 0.113281250 0.105468750 0.093750000 0.132812500 0.078125000 0.023437500 0.070312500 0.125000000 0.085937500 0.039062500 0.058593750 0.042968750 0.093750000 0.062500000 0.023437500 0.031250000 0.023437500 0.062500000 0.074218750 0.093750000 0.097656250 0.070312500 0.058593750 0.117187500 0.058593750 0.062500000 0.035156250 0.058593750 0.078125000 0.082031250 0.105468750 0.074218750 0.062500000 0.082031250 0.089843750 0.058593750 0.082031250 0.082031250 
0.003906250 0.007812500 0.007812500 0.003906250 0.011718750 0.007812500 0.007812500 0.007812500 0.011718750 0.007812500 0.011718750 0.011718750 0.007812500 0.011718750 0.011718750 0.015625000 0.011718750 0.015625000 0.015625000 0.015625000 0.011718750 0.011718750 0.011718750 0.007812500 0.011718750 0.007812500 0.011718750 0.011718750 0.011718750 0.000000000 0.000000000 0.000000000 0.000000000 0.000000000 0.011718750 0.019531250 0.019531250 0.027343750 0.031250000 0.054687500 0.054687500 0.066406250 
0.285156250 0.128906250 0.042968750 0.066406250 0.128906250 0.105468750 0.039062500 0.082031250 0.070312500 0.101562500 0.054687500 0.035156250 0.089843750 0.085937500 0.078125000 0.160156250 0.136718750 0.070312500 0.058593750 0.117187500 0.078125000 0.058593750 0.085937500 0.074218750 0.058593750 0.078125000 0.062500000 0.070312500 0.074218750 0.062500000 0.140625000 0.093750000 0.082031250 0.093750000 0.050781250 0.082031250 0.175781250 0.105468750 0.160156250 0.109375000 0.101562500 0.132812500 
0.238281250 0.164062500 0.078125000 0.070312500 0.160156250 0.109375000 0.121093750 0.105468750 0.062500000 0.109375000 0.078125000 0.050781250 0.093750000 0.121093750 0.097656250 0.187500000 0.132812500 0.085937500 0.082031250 0.109375000 0.109375000 0.074218750 0.097656250 0.101562500 0.066406250 0.097656250 0.093750000 0.125000000 0.085937500 0.101562500 0.148437500 0.140625000 0.117187500 0.117187500 0.105468750 0.140625000 0.199218750 0.152343750 0.191406250 0.128906250 0.113281250 0.175781250 
0.238281250 0.167968750 0.082031250 0.062500000 0.164062500 0.109375000 0.121093750 0.105468750 0.062500000 0.109375000 0.078125000 0.042968750 0.089843750 0.117187500 0.097656250 0.191406250 0.136718750 0.082031250 0.085937500 0.113281250 0.117187500 0.074218750 0.093750000 0.113281250 0.066406250 0.093750000 0.101562500 0.125000000 0.082031250 0.113281250 0.156250000 0.144531250 0.117187500 0.136718750 0.113281250 0.148437500 0.210937500 0.144531250 0.191406250 0.144531250 0.140625000 0.164062500 
0.050781250 0.125000000 0.179687500 0.101562500 0.140625000 0.105468750 0.128906250 0.074218750 0.054687500 0.058593750 0.089843750 0.066406250 0.085937500 0.085937500 0.082031250 0.097656250 0.085937500 0.062500000 0.058593750 0.058593750 0.085937500 0.082031250 0.070312500 0.093750000 0.089843750 0.093750000 0.101562500 0.121093750 0.074218750 0.125000000 0.128906250 0.128906250 0.125000000 0.121093750 0.105468750 0.128906250 0.113281250 0.125000000 0.183593750 0.117187500 0.082031250 0.097656250 
0.066406250 0.046875000 0.058593750 0.050781250 0.050781250 0.039062500 0.039062500 0.039062500 0.042968750 0.054687500 0.058593750 0.062500000 0.062500000 0.066406250 0.062500000 0.062500000 0.054687500 0.035156250 0.023437500 0.039062500 0.050781250 0.062500000 0.042968750 0.023437500 0.046875000 0.066406250 0.066406250 0.062500000 0.058593750 0.039062500 0.070312500 0.070312500 0.093750000 0.082031250 0.085937500 0.062500000 0.082031250 0.109375000 0.152343750 0.082031250 0.093750000 0.089843750 
0.261718750 0.210937500 0.230468750 0.085937500 0.050781250 0.035156250 0.074218750 0.117187500 0.078125000 0.105468750 0.078125000 0.074218750 0.054687500 0.085937500 0.109375000 0.070312500 0.070312500 0.039062500 0.039062500 0.054687500 0.058593750 0.078125000 0.066406250 0.062500000 0.121093750 0.105468750 0.097656250 0.109375000 0.101562500 0.074218750 0.121093750 0.156250000 0.125000000 0.125000000 0.113281250 0.062500000 0.101562500 0.191406250 0.230468750 0.191406250 0.144531250 0.117187500 
0.281250000 0.210937500 0.226562500 0.113281250 0.058593750 0.031250000 0.078125000 0.117187500 0.093750000 0.121093750 0.089843750 0.121093750 0.085937500 0.093750000 0.132812500 0.070312500 0.058593750 0.054687500 0.074218750 0.085937500 0.042968750 0.074218750 0.070312500 0.082031250 0.101562500 0.113281250 0.113281250 0.132812500 0.117187500 0.074218750 0.117187500 0.167968750 0.132812500 0.113281250 0.140625000 0.128906250 0.136718750 0.238281250 0.210937500 0.207031250 0.136718750 0.171875000 
0.250000000 0.199218750 0.253906250 0.117187500 0.050781250 0.050781250 0.093750000 0.113281250 0.093750000 0.117187500 0.105468750 0.121093750 0.082031250 0.121093750 0.144531250 0.125000000 0.078125000 0.066406250 0.074218750 0.089843750 0.050781250 0.093750000 0.089843750 0.101562500 0.109375000 0.105468750 0.113281250 0.136718750 0.117187500 0.074218750 0.125000000 0.171875000 0.152343750 0.117187500 0.136718750 0.148437500 0.136718750 0.250000000 0.210937500 0.203125000 0.144531250 0.167968750 
0.093750000 0.125000000 0.113281250 0.093750000 0.078125000 0.054687500 0.046875000 0.050781250 0.050781250 0.082031250 0.078125000 0.125000000 0.089843750 0.093750000 0.117187500 0.093750000 0.062500000 0.074218750 0.062500000 0.074218750 0.046875000 0.062500000 0.082031250 0.089843750 0.074218750 0.097656250 0.109375000 0.085937500 0.031250000 0.039062500 0.062500000 0.101562500 0.113281250 0.113281250 0.097656250 0.132812500 0.113281250 0.171875000 0.171875000 0.128906250 0.082031250 0.125000000 
0.035156250 0.039062500 0.035156250 0.046875000 0.027343750 0.027343750 0.023437500 0.019531250 0.007812500 0.027343750 0.019531250 0.050781250 0.050781250 0.074218750 0.074218750 0.070312500 0.062500000 0.039062500 0.019531250 0.015625000 0.042968750 0.058593750 0.062500000 0.039062500 0.023437500 0.000000000 0.019531250 0.011718750 0.011718750 0.011718750 0.019531250 0.031250000 0.058593750 0.054687500 0.050781250 0.093750000 0.082031250 0.066406250 0.058593750 0.070312500 0.058593750 0.019531250 
0.003906250 0.007812500 0.027343750 0.011718750 0.003906250 0.015625000 0.027343750 0.007812500 0.031250000 0.011718750 0.027343750 0.011718750 0.023437500 0.023437500 0.023437500 0.031250000 0.031250000 0.027343750 0.027343750 0.035156250 0.031250000 0.023437500 0.023437500 0.023437500 0.023437500 0.015625000 0.023437500 0.042968750 0.023437500 0.042968750 0.023437500 0.023437500 0.027343750 0.042968750 0.058593750 0.070312500 0.054687500 0.050781250 0.082031250 0.070312500 0.050781250 0.058593750 
0.089843750 0.074218750 0.042968750 0.042968750 0.039062500 0.042968750 0.050781250 0.015625000 0.031250000 0.039062500 0.035156250 0.039062500 0.058593750 0.070312500 0.039062500 0.050781250 0.042968750 0.035156250 0.035156250 0.085937500 0.082031250 0.085937500 0.101562500 0.121093750 0.128906250 0.027343750 0.062500000 0.089843750 0.109375000 0.164062500 0.128906250 0.054687500 0.082031250 0.074218750 0.089843750 0.074218750 0.082031250 0.101562500 0.195312500 0.269531250 0.214843750 0.125000000 
0.082031250 0.054687500 0.042968750 0.101562500 0.128906250 0.078125000 0.039062500 0.082031250 0.164062500 0.148437500 0.039062500 0.035156250 0.085937500 0.074218750 0.105468750 0.101562500 0.054687500 0.046875000 0.046875000 0.093750000 0.089843750 0.089843750 0.109375000 0.148437500 0.125000000 0.050781250 0.074218750 0.085937500 0.117187500 0.191406250 0.144531250 0.089843750 0.097656250 0.105468750 0.132812500 0.105468750 0.144531250 0.152343750 0.226562500 0.320312500 0.250000000 0.183593750 
0.117187500 0.097656250 0.085937500 0.105468750 0.148437500 0.097656250 0.105468750 0.125000000 0.164062500 0.148437500 0.070312500 0.082031250 0.113281250 0.085937500 0.109375000 0.105468750 0.046875000 0.078125000 0.042968750 0.097656250 0.082031250 0.097656250 0.097656250 0.136718750 0.132812500 0.062500000 0.085937500 0.105468750 0.128906250 0.203125000 0.144531250 0.121093750 0.128906250 0.093750000 0.109375000 0.089843750 0.152343750 0.160156250 0.234375000 0.316406250 0.265625000 0.175781250 
0.089843750 0.113281250 0.085937500 0.093750000 0.156250000 0.125000000 0.117187500 0.117187500 0.179687500 0.136718750 0.062500000 0.093750000 0.109375000 0.085937500 0.121093750 0.101562500 0.062500000 0.078125000 0.062500000 0.078125000 0.058593750 0.078125000 0.078125000 0.097656250 0.074218750 0.062500000 0.085937500 0.089843750 0.062500000 0.109375000 0.109375000 0.117187500 0.113281250 0.093750000 0.113281250 0.070312500 0.148437500 0.167968750 0.179687500 0.234375000 0.195312500 0.183593750 
0.085937500 0.089843750 0.062500000 0.070312500 0.078125000 0.093750000 0.097656250 0.074218750 0.058593750 0.039062500 0.046875000 0.085937500 0.074218750 0.058593750 0.066406250 0.050781250 0.054687500 0.054687500 0.050781250 0.058593750 0.050781250 0.058593750 0.066406250 0.039062500 0.042968750 0.050781250 0.054687500 0.070312500 0.054687500 0.070312500 0.058593750 0.082031250 0.089843750 0.074218750 0.070312500 0.031250000 0.101562500 0.105468750 0.070312500 0.117187500 0.062500000 0.066406250 
0.070312500 0.035156250 0.089843750 0.113281250 0.082031250 0.058593750 0.062500000 0.093750000 0.046875000 0.050781250 0.085937500 0.058593750 0.085937500 0.085937500 0.093750000 0.054687500 0.078125000 0.042968750 0.074218750 0.058593750 0.062500000 0.074218750 0.078125000 0.058593750 0.062500000 0.058593750 0.074218750 0.089843750 0.046875000 0.050781250 0.042968750 0.042968750 0.042968750 0.050781250 0.074218750 0.042968750 0.066406250 0.062500000 0.046875000 0.089843750 0.089843750 0.109375000 
0.242187500 0.148437500 0.136718750 0.097656250 0.085937500 0.093750000 0.058593750 0.062500000 0.078125000 0.140625000 0.128906250 0.148437500 0.113281250 0.199218750 0.066406250 0.085937500 0.121093750 0.050781250 0.113281250 0.148437500 0.109375000 0.117187500 0.109375000 0.082031250 0.082031250 0.085937500 0.109375000 0.082031250 0.093750000 0.117187500 0.078125000 0.058593750 0.070312500 0.062500000 0.136718750 0.089843750 0.117187500 0.109375000 0.093750000 0.136718750 0.144531250 0.136718750 
0.261718750 0.167968750 0.167968750 0.085937500 0.093750000 0.101562500 0.062500000 0.085937500 0.074218750 0.152343750 0.164062500 0.164062500 0.148437500 0.191406250 0.121093750 0.093750000 0.125000000 0.109375000 0.125000000 0.160156250 0.117187500 0.160156250 0.152343750 0.105468750 0.097656250 0.121093750 0.136718750 0.097656250 0.109375000 0.125000000 0.128906250 0.105468750 0.125000000 0.179687500 0.253906250 0.292968750 0.300781250 0.257812500 0.203125000 0.441406250 0.589843750 0.417968750 
0.316406250 0.167968750 0.136718750 0.128906250 0.101562500 0.113281250 0.101562500 0.070312500 0.082031250 0.183593750 0.156250000 0.152343750 0.144531250 0.187500000 0.121093750 0.085937500 0.117187500 0.136718750 0.085937500 0.156250000 0.105468750 0.156250000 0.160156250 0.117187500 0.082031250 0.113281250 0.136718750 0.105468750 0.128906250 0.132812500 0.136718750 0.121093750 0.125000000 0.183593750 0.289062500 0.296875000 0.332031250 0.265625000 0.203125000 0.414062500 0.589843750 0.417968750 
0.199218750 0.093750000 0.070312500 0.074218750 0.109375000 0.039062500 0.058593750 0.070312500 0.050781250 0.101562500 0.074218750 0.074218750 0.082031250 0.054687500 0.128906250 0.085937500 0.074218750 0.140625000 0.050781250 0.046875000 0.070312500 0.105468750 0.117187500 0.105468750 0.042968750 0.097656250 0.101562500 0.093750000 0.109375000 0.109375000 0.136718750 0.109375000 0.121093750 0.179687500 0.273437500 0.292968750 0.316406250 0.253906250 0.191406250 0.382812500 0.578125000 0.386718750 
0.199218750 0.148437500 0.132812500 0.082031250 0.042968750 0.027343750 0.035156250 0.031250000 0.023437500 0.015625000 0.007812500 0.019531250 0.031250000 0.031250000 0.023437500 0.054687500 0.070312500 0.074218750 0.046875000 0.035156250 0.070312500 0.042968750 0.050781250 0.074218750 0.042968750 0.058593750 0.046875000 0.101562500 0.082031250 0.085937500 0.093750000 0.066406250 0.046875000 0.078125000 0.191406250 0.089843750 0.136718750 0.125000000 0.132812500 0.308593750 0.218750000 0.207031250 
0.097656250 0.078125000 0.117187500 0.046875000 0.031250000 0.039062500 0.062500000 0.035156250 0.062500000 0.058593750 0.062500000 0.054687500 0.082031250 0.066406250 0.066406250 0.046875000 0.078125000 0.128906250 0.125000000 0.070312500 0.027343750 0.042968750 0.039062500 0.050781250 0.062500000 0.050781250 0.062500000 0.058593750 0.093750000 0.070312500 0.117187500 0.148437500 0.117187500 0.078125000 0.121093750 0.054687500 0.136718750 0.125000000 0.097656250 0.195312500 0.164062500 0.128906250 
0.296875000 0.187500000 0.171875000 0.117187500 0.089843750 0.105468750 0.058593750 0.085937500 0.093750000 0.125000000 0.121093750 0.066406250 0.097656250 0.113281250 0.156250000 0.097656250 0.113281250 0.136718750 0.125000000 0.078125000 0.070312500 0.105468750 0.117187500 0.074218750 0.078125000 0.066406250 0.125000000 0.121093750 0.152343750 0.101562500 0.121093750 0.152343750 0.128906250 0.105468750 0.136718750 0.105468750 0.179687500 0.160156250 0.187500000 0.222656250 0.175781250 0.191406250 
0.234375000 0.277343750 0.257812500 0.078125000 0.082031250 0.097656250 0.105468750 0.128906250 0.082031250 0.136718750 0.132812500 0.128906250 0.078125000 0.132812500 0.179687500 0.105468750 0.117187500 0.144531250 0.148437500 0.089843750 0.085937500 0.097656250 0.117187500 0.121093750 0.136718750 0.152343750 0.144531250 0.164062500 0.144531250 0.132812500 0.140625000 0.175781250 0.148437500 0.105468750 0.144531250 0.109375000 0.203125000 0.148437500 0.179687500 0.234375000 0.199218750 0.214843750 
0.214843750 0.269531250 0.214843750 0.093750000 0.089843750 0.082031250 0.109375000 0.136718750 0.074218750 0.109375000 0.140625000 0.128906250 0.089843750 0.140625000 0.183593750 0.128906250 0.117187500 0.078125000 0.078125000 0.085937500 0.078125000 0.109375000 0.128906250 0.113281250 0.132812500 0.144531250 0.113281250 0.160156250 0.121093750 0.117187500 0.097656250 0.109375000 0.136718750 0.144531250 0.156250000 0.140625000 0.167968750 0.140625000 0.156250000 0.140625000 0.179687500 0.156250000 
0.261718750 0.464843750 0.851562500 1.046875000 1.175781250 0.804687500 0.445312500 0.503906250 0.488281250 0.378906250 0.300781250 0.265625000 0.242187500 0.195312500 0.207031250 0.187500000 0.179687500 0.238281250 0.273437500 0.242187500 0.214843750 0.214843750 0.113281250 0.128906250 0.187500000 0.191406250 0.144531250 0.238281250 0.199218750 0.195312500 0.136718750 0.175781250 0.183593750 0.218750000 0.183593750 0.171875000 0.160156250 0.152343750 0.226562500 0.152343750 0.171875000 0.179687500 
0.378906250 0.691406250 2.539062500 4.621093750 3.738281250 1.050781250 0.457031250 0.324218750 0.238281250 0.187500000 0.207031250 0.242187500 0.187500000 0.105468750 0.152343750 0.152343750 0.128906250 0.144531250 0.164062500 0.085937500 0.167968750 0.187500000 0.089843750 0.289062500 0.160156250 0.148437500 0.101562500 0.125000000 0.113281250 0.156250000 0.101562500 0.148437500 0.152343750 0.218750000 0.195312500 0.164062500 0.187500000 0.214843750 0.156250000 0.183593750 0.152343750 0.187500000 
0.613281250 0.964843750 4.953125000 4.605468750 4.023437500 3.617187500 1.644531250 0.410156250 0.242187500 0.234375000 0.199218750 0.230468750 0.140625000 0.152343750 0.171875000 0.148437500 0.125000000 0.156250000 0.175781250 0.109375000 0.128906250 0.226562500 0.218750000 0.339843750 0.265625000 0.207031250 0.175781250 0.144531250 0.152343750 0.171875000 0.148437500 0.140625000 0.167968750 0.187500000 0.214843750 0.207031250 0.238281250 0.207031250 0.218750000 0.218750000 0.289062500 0.273437500 
0.621093750 1.281250000 5.710937500 3.601562500 5.324218750 4.363281250 1.804687500 0.929687500 0.828125000 0.632812500 0.523437500 0.468750000 0.468750000 0.425781250 0.410156250 0.386718750 0.375000000 0.335937500 0.378906250 0.332031250 0.328125000 0.300781250 0.394531250 0.671875000 0.386718750 0.328125000 0.277343750 0.281250000 0.292968750 0.328125000 0.375000000 0.378906250 0.328125000 0.355468750 0.316406250 0.308593750 0.308593750 0.425781250 0.468750000 0.449218750 0.437500000 0.449218750 
0.179687500 0.730468750 6.156250000 3.277343750 4.601562500 6.433593750 1.371093750 0.460937500 0.214843750 0.261718750 0.320312500 0.152343750 0.144531250 0.097656250 0.132812500 0.113281250 0.089843750 0.121093750 0.144531250 0.160156250 0.160156250 0.339843750 0.425781250 0.609375000 0.488281250 0.222656250 0.351562500 0.515625000 0.324218750 0.156250000 0.113281250 0.179687500 0.164062500 0.144531250 0.257812500 0.191406250 0.265625000 0.250000000 0.242187500 0.261718750 0.312500000 0.285156250 
0.886718750 1.515625000 5.378906250 2.582031250 5.042968750 6.820312500 1.742187500 1.195312500 1.230468750 1.019531250 0.851562500 0.757812500 0.738281250 0.679687500 0.582031250 0.542968750 0.488281250 0.511718750 0.496093750 0.480468750 0.460937500 0.484375000 0.593750000 0.730468750 0.828125000 0.523437500 0.535156250 0.640625000 0.554687500 0.468750000 0.468750000 0.492187500 0.480468750 0.453125000 0.480468750 0.535156250 0.488281250 0.488281250 0.515625000 0.601562500 0.445312500 0.503906250 
0.257812500 1.214843750 6.972656250 2.546875000 5.285156250 6.523437500 1.480468750 1.007812500 0.386718750 0.367187500 0.289062500 0.300781250 0.207031250 0.128906250 0.152343750 0.187500000 0.082031250 0.175781250 0.218750000 0.136718750 0.238281250 0.312500000 0.480468750 0.750000000 0.468750000 0.234375000 0.343750000 0.515625000 0.324218750 0.156250000 0.121093750 0.156250000 0.171875000 0.183593750 0.261718750 0.308593750 0.292968750 0.246093750 0.250000000 0.250000000 0.257812500 0.250000000 
1.917968750 2.816406250 5.417968750 0.921875000 5.210937500 5.667968750 1.429687500 0.589843750 0.570312500 0.570312500 0.503906250 0.390625000 0.371093750 0.234375000 0.214843750 0.199218750 0.222656250 0.296875000 0.199218750 0.207031250 0.230468750 0.242187500 0.320312500 0.714843750 0.339843750 0.171875000 0.230468750 0.246093750 0.136718750 0.191406250 0.234375000 0.195312500 0.246093750 0.191406250 0.246093750 0.289062500 0.250000000 0.371093750 0.273437500 0.277343750 0.261718750 0.273437500 
1.679687500 3.347656250 4.718750000 1.449218750 3.777343750 3.937500000 0.636718750 0.402343750 0.277343750 0.355468750 0.191406250 0.109375000 0.070312500 0.109375000 0.085937500 0.140625000 0.105468750 0.140625000 0.125000000 0.179687500 0.097656250 0.179687500 0.234375000 0.500000000 0.269531250 0.136718750 0.167968750 0.179687500 0.156250000 0.226562500 0.187500000 0.187500000 0.214843750 0.160156250 0.214843750 0.191406250 0.234375000 0.261718750 0.234375000 0.281250000 0.265625000 0.273437500 
1.558593750 4.187500000 2.628906250 1.226562500 3.710937500 3.035156250 1.125000000 0.660156250 0.429687500 0.246093750 0.273437500 0.292968750 0.265625000 0.222656250 0.203125000 0.199218750 0.175781250 0.207031250 0.207031250 0.144531250 0.167968750 0.164062500 0.234375000 0.265625000 0.230468750 0.167968750 0.171875000 0.171875000 0.136718750 0.199218750 0.183593750 0.207031250 0.214843750 0.218750000 0.218750000 0.191406250 0.203125000 0.273437500 0.277343750 0.289062500 0.277343750 0.296875000 
0.406250000 3.214843750 3.078125000 1.601562500 2.882812500 0.761718750 0.261718750 0.289062500 0.449218750 0.136718750 0.089843750 0.082031250 0.109375000 0.164062500 0.097656250 0.093750000 0.097656250 0.097656250 0.101562500 0.082031250 0.093750000 0.132812500 0.082031250 0.218750000 0.195312500 0.144531250 0.132812500 0.101562500 0.125000000 0.187500000 0.164062500 0.183593750 0.148437500 0.156250000 0.171875000 0.183593750 0.191406250 0.199218750 0.214843750 0.238281250 0.269531250 0.265625000 
0.625000000 3.398437500 2.378906250 0.812500000 2.292968750 0.589843750 0.261718750 0.210937500 0.355468750 0.175781250 0.148437500 0.089843750 0.101562500 0.144531250 0.054687500 0.066406250 0.093750000 0.089843750 0.097656250 0.078125000 0.101562500 0.156250000 0.105468750 0.226562500 0.179687500 0.148437500 0.187500000 0.117187500 0.113281250 0.148437500 0.152343750 0.175781250 0.128906250 0.164062500 0.152343750 0.148437500 0.191406250 0.187500000 0.167968750 0.207031250 0.250000000 0.269531250 
0.968750000 3.074218750 1.851562500 0.933593750 1.367187500 0.593750000 0.339843750 0.210937500 0.320312500 0.332031250 0.242187500 0.394531250 0.574218750 0.574218750 0.453125000 0.292968750 0.281250000 0.332031250 0.839843750 1.125000000 0.750000000 2.019531250 3.175781250 1.996093750 1.832031250 1.761718750 1.132812500 0.871093750 0.832031250 0.621093750 0.835937500 0.699218750 0.843750000 1.187500000 1.125000000 0.968750000 0.875000000 0.484375000 0.542968750 0.789062500 0.812500000 0.789062500 
0.347656250 2.367187500 1.824218750 0.515625000 0.519531250 0.746093750 0.964843750 0.410156250 0.609375000 0.804687500 1.171875000 1.445312500 1.960937500 1.074218750 1.160156250 0.695312500 1.500000000 0.890625000 0.515625000 1.390625000 1.164062500 3.234375000 5.113281250 5.378906250 5.699218750 1.226562500 1.023437500 0.679687500 0.605468750 1.031250000 1.519531250 3.191406250 3.003906250 1.089843750 0.738281250 0.671875000 0.683593750 0.746093750 0.511718750 0.414062500 0.605468750 0.410156250 
2.769531250 4.398437500 5.535156250 2.289062500 2.382812500 3.156250000 2.093750000 0.906250000 0.722656250 1.089843750 1.179687500 1.515625000 2.031250000 1.210937500 1.253906250 1.132812500 1.593750000 1.136718750 0.960937500 2.226562500 1.707031250 4.917968750 6.742187500 6.472656250 6.152343750 1.437500000 1.312500000 0.996093750 1.324218750 1.734375000 1.933593750 4.121093750 3.562500000 1.457031250 1.101562500 1.070312500 1.269531250 1.421875000 0.847656250 0.636718750 0.800781250 0.660156250 
1.535156250 2.664062500 9.289062500 3.273437500 3.832031250 9.648437500 4.750000000 3.246093750 2.300781250 1.199218750 1.316406250 1.621093750 1.988281250 1.421875000 1.164062500 1.234375000 1.496093750 1.199218750 1.007812500 2.710937500 2.777343750 8.023437500 8.515625000 10.242187500 7.652343750 2.085937500 1.378906250 1.652343750 2.914062500 2.128906250 1.820312500 3.945312500 3.792968750 1.292968750 0.964843750 0.957031250 1.335937500 1.277343750 0.664062500 0.640625000 0.691406250 0.519531250 
0.492187500 0.613281250 11.210937500 1.785156250 3.050781250 13.917968750 4.261718750 3.988281250 5.148437500 2.640625000 1.550781250 1.761718750 1.628906250 1.183593750 1.195312500 1.445312500 1.136718750 1.332031250 1.882812500 4.460937500 3.441406250 8.554687500 9.257812500 9.296875000 6.933593750 2.207031250 1.718750000 3.480468750 4.054687500 2.242187500 1.429687500 3.019531250 2.746093750 1.089843750 0.921875000 1.261718750 1.792968750 1.300781250 0.753906250 0.902343750 0.953125000 0.757812500 
0.398437500 1.007812500 10.824218750 1.683593750 3.562500000 15.367187500 4.332031250 6.847656250 5.746093750 1.738281250 1.367187500 2.042968750 2.078125000 1.929687500 0.726562500 1.234375000 1.304687500 1.425781250 3.605468750 6.273437500 5.484375000 7.906250000 8.722656250 10.082031250 8.226562500 1.570312500 1.316406250 3.046875000 4.386718750 2.050781250 1.214843750 0.988281250 1.792968750 0.621093750 0.371093750 0.585937500 1.160156250 1.074218750 0.644531250 0.601562500 0.414062500 0.300781250 
0.488281250 0.292968750 8.996093750 1.503906250 3.605468750 14.335937500 1.167968750 7.542968750 7.343750000 2.710937500 1.886718750 1.710937500 1.703125000 2.093750000 1.019531250 1.097656250 1.246093750 1.500000000 3.687500000 8.355468750 4.390625000 4.875000000 6.234375000 7.531250000 7.804687500 2.003906250 1.421875000 3.335937500 3.878906250 1.820312500 1.031250000 1.082031250 1.570312500 0.566406250 0.261718750 0.507812500 1.152343750 1.156250000 0.601562500 0.527343750 0.398437500 0.281250000 
0.828125000 0.886718750 9.632812500 0.988281250 3.046875000 13.792968750 2.636718750 10.117187500 8.902343750 2.242187500 1.437500000 2.152343750 2.121093750 1.863281250 0.992187500 1.078125000 1.328125000 1.785156250 3.972656250 8.300781250 4.117187500 3.101562500 4.804687500 6.277343750 6.820312500 0.878906250 1.105468750 2.410156250 3.742187500 1.941406250 0.855468750 0.820312500 1.539062500 0.628906250 0.234375000 0.468750000 1.031250000 1.132812500 0.640625000 0.445312500 0.371093750 0.371093750 
0.425781250 0.660156250 9.351562500 1.253906250 2.960937500 11.777343750 4.328125000 11.824218750 12.011718750 3.835937500 1.863281250 1.988281250 4.058593750 2.441406250 0.800781250 1.769531250 1.382812500 1.312500000 5.546875000 8.035156250 3.714843750 2.992187500 3.984375000 5.308593750 6.214843750 1.070312500 1.257812500 2.101562500 3.710937500 1.820312500 1.023437500 1.089843750 1.476562500 0.792968750 0.554687500 0.660156250 0.906250000 0.937500000 0.742187500 0.726562500 0.656250000 0.566406250 
1.652343750 1.812500000 10.246093750 2.843750000 4.863281250 10.835937500 2.957031250 11.804687500 12.527343750 2.796875000 3.074218750 3.152343750 4.351562500 2.214843750 2.347656250 2.230468750 1.734375000 2.109375000 4.105468750 6.976562500 2.464843750 2.324218750 1.773437500 2.839843750 4.097656250 2.121093750 1.792968750 2.117187500 2.996093750 1.296875000 0.742187500 0.753906250 1.441406250 0.582031250 0.542968750 0.437500000 0.507812500 0.957031250 0.753906250 0.753906250 0.703125000 0.671875000 
0.449218750 0.531250000 9.054687500 2.355468750 3.996093750 10.421875000 3.179687500 11.636718750 12.136718750 4.843750000 2.488281250 2.863281250 4.238281250 2.429687500 2.015625000 1.964843750 1.464843750 2.187500000 5.796875000 9.117187500 2.273437500 1.890625000 2.421875000 3.718750000 5.273437500 1.632812500 1.039062500 1.746093750 2.160156250 1.062500000 0.640625000 0.871093750 1.359375000 0.464843750 0.238281250 0.277343750 0.550781250 0.742187500 0.363281250 0.437500000 0.421875000 0.285156250 
0.058593750 0.207031250 8.617187500 0.894531250 2.335937500 9.660156250 1.917968750 10.617187500 9.066406250 3.183593750 2.625000000 2.765625000 3.218750000 2.488281250 1.316406250 1.921875000 2.582031250 2.812500000 7.554687500 9.867187500 1.542968750 2.714843750 3.210937500 4.261718750 6.187500000 1.832031250 1.148437500 1.984375000 2.332031250 1.234375000 0.734375000 0.718750000 1.519531250 0.593750000 0.308593750 0.277343750 0.574218750 0.859375000 0.382812500 0.457031250 0.363281250 0.367187500 
0.464843750 0.960937500 7.929687500 0.707031250 2.292968750 10.605468750 1.414062500 8.437500000 7.246093750 3.269531250 3.058593750 2.902343750 2.863281250 3.011718750 1.250000000 2.140625000 2.925781250 2.417968750 8.742187500 11.199218750 2.410156250 2.535156250 2.761718750 4.828125000 7.812500000 2.082031250 1.027343750 2.417968750 3.019531250 1.332031250 0.972656250 1.066406250 1.742187500 0.648437500 0.457031250 0.507812500 0.726562500 0.914062500 0.550781250 0.570312500 0.503906250 0.562500000 
0.632812500 1.519531250 7.656250000 2.777343750 6.242187500 11.953125000 5.683593750 9.628906250 3.359375000 7.042968750 3.855468750 4.171875000 3.339843750 3.855468750 1.785156250 2.171875000 4.148437500 3.804687500 9.621093750 8.308593750 3.074218750 2.640625000 2.914062500 4.312500000 8.328125000 2.632812500 1.613281250 2.859375000 3.304687500 1.355468750 0.894531250 1.062500000 1.617187500 0.699218750 0.566406250 0.609375000 0.796875000 0.804687500 0.656250000 0.703125000 0.722656250 0.753906250 
1.328125000 2.902343750 5.968750000 2.148437500 7.773437500 9.535156250 4.328125000 8.535156250 4.550781250 9.699218750 3.753906250 3.433593750 4.519531250 4.156250000 2.984375000 2.378906250 3.988281250 3.105468750 10.843750000 11.722656250 2.828125000 2.382812500 3.128906250 5.500000000 8.773437500 2.167968750 1.542968750 3.171875000 3.828125000 1.542968750 1.214843750 1.246093750 2.171875000 1.324218750 1.269531250 1.257812500 1.222656250 1.636718750 1.375000000 1.460937500 1.535156250 1.542968750 
1.882812500 3.660156250 4.597656250 1.914062500 8.238281250 7.250000000 4.398437500 7.347656250 4.984375000 8.101562500 2.390625000 2.566406250 2.367187500 2.773437500 2.507812500 2.500000000 3.011718750 2.710937500 10.375000000 9.550781250 2.074218750 2.140625000 2.343750000 4.312500000 7.589843750 2.351562500 1.367187500 3.207031250 3.210937500 0.886718750 0.742187500 0.972656250 1.894531250 1.074218750 0.667968750 0.667968750 0.898437500 0.710937500 0.679687500 0.750000000 0.632812500 0.699218750 
1.148437500 3.464843750 4.742187500 1.625000000 6.773437500 3.910156250 3.953125000 7.871093750 6.167968750 9.648437500 3.750000000 2.828125000 2.824218750 2.976562500 2.062500000 2.355468750 2.406250000 2.882812500 5.210937500 6.140625000 2.796875000 1.925781250 2.917968750 4.167968750 6.101562500 1.703125000 1.175781250 3.429687500 3.066406250 0.742187500 0.617187500 1.101562500 1.753906250 0.679687500 0.457031250 0.519531250 0.652343750 0.722656250 0.539062500 0.562500000 0.597656250 0.632812500 
1.660156250 3.902343750 4.777343750 1.644531250 6.593750000 4.472656250 5.328125000 5.378906250 5.886718750 8.714843750 3.507812500 2.527343750 1.937500000 1.972656250 1.882812500 2.171875000 1.925781250 2.804687500 4.558593750 6.222656250 2.683593750 1.695312500 2.386718750 3.359375000 7.585937500 1.734375000 1.125000000 3.078125000 2.824218750 0.914062500 0.593750000 1.402343750 1.894531250 0.828125000 0.718750000 0.714843750 0.933593750 0.628906250 0.613281250 0.632812500 0.574218750 0.718750000 
1.960937500 4.238281250 4.632812500 0.765625000 6.238281250 4.843750000 5.183593750 7.082031250 6.656250000 8.457031250 3.339843750 1.742187500 1.433593750 2.117187500 1.851562500 2.046875000 1.726562500 3.019531250 5.351562500 5.324218750 1.671875000 1.554687500 1.941406250 3.335937500 8.070312500 2.128906250 1.804687500 3.687500000 2.425781250 0.640625000 0.382812500 1.175781250 2.132812500 0.859375000 0.265625000 0.281250000 0.613281250 0.625000000 0.300781250 0.402343750 0.324218750 0.351562500 
0.589843750 2.945312500 5.785156250 3.148437500 6.687500000 3.429687500 5.562500000 4.207031250 5.589843750 8.953125000 3.105468750 2.320312500 2.062500000 2.824218750 2.585937500 2.089843750 1.988281250 3.386718750 4.214843750 3.792968750 1.871093750 1.261718750 1.417968750 3.148437500 6.933593750 1.476562500 1.265625000 3.019531250 2.207031250 0.644531250 0.355468750 0.910156250 1.414062500 0.714843750 0.285156250 0.312500000 0.523437500 0.519531250 0.460937500 0.472656250 0.363281250 0.367187500 
0.906250000 3.417968750 4.992187500 2.011718750 6.699218750 5.121093750 5.523437500 5.289062500 7.390625000 7.410156250 3.070312500 1.539062500 1.156250000 2.128906250 2.324218750 1.937500000 2.441406250 2.949218750 4.429687500 3.515625000 1.085937500 1.214843750 1.257812500 2.816406250 5.242187500 0.968750000 0.945312500 2.484375000 1.734375000 0.390625000 0.246093750 0.968750000 1.285156250 0.699218750 0.226562500 0.238281250 0.457031250 0.578125000 0.375000000 0.464843750 0.355468750 0.277343750 
1.328125000 3.832031250 4.500000000 1.500000000 6.835937500 5.042968750 4.847656250 5.398437500 7.636718750 7.054687500 3.453125000 2.445312500 1.382812500 2.554687500 2.109375000 1.828125000 2.671875000 4.089843750 4.414062500 2.488281250 1.441406250 1.253906250 1.996093750 3.750000000 4.960937500 1.164062500 0.921875000 2.152343750 1.960937500 0.636718750 0.460937500 1.164062500 0.921875000 0.703125000 0.277343750 0.257812500 0.453125000 0.531250000 0.484375000 0.539062500 0.343750000 0.320312500 
0.945312500 3.585937500 5.226562500 3.003906250 7.511718750 4.082031250 4.187500000 3.304687500 6.203125000 7.125000000 3.386718750 1.437500000 1.363281250 2.742187500 2.558593750 1.933593750 3.550781250 4.800781250 3.414062500 2.093750000 1.210937500 1.167968750 1.328125000 2.515625000 4.402343750 1.472656250 1.023437500 2.113281250 2.054687500 0.894531250 0.585937500 1.093750000 0.843750000 0.714843750 0.519531250 0.523437500 0.628906250 0.808593750 0.781250000 0.753906250 0.667968750 0.593750000 
1.562500000 4.421875000 3.843750000 1.507812500 7.656250000 4.855468750 4.488281250 3.628906250 5.500000000 5.726562500 3.105468750 2.632812500 1.933593750 2.800781250 2.468750000 2.417968750 3.101562500 5.625000000 3.488281250 2.800781250 2.343750000 2.042968750 2.332031250 3.144531250 4.328125000 1.570312500 1.386718750 2.339843750 1.980468750 1.089843750 1.015625000 1.207031250 1.156250000 1.171875000 1.117187500 1.070312500 1.210937500 1.234375000 1.156250000 1.285156250 1.144531250 1.257812500 
1.027343750 3.781250000 4.800781250 3.187500000 8.316406250 4.777343750 4.562500000 3.167968750 5.277343750 4.253906250 2.921875000 2.394531250 1.460937500 1.667968750 2.152343750 2.992187500 4.585937500 6.156250000 2.386718750 2.511718750 1.207031250 1.585937500 2.496093750 3.589843750 4.414062500 1.312500000 0.949218750 1.812500000 1.546875000 0.640625000 0.632812500 0.734375000 0.691406250 0.621093750 0.652343750 0.644531250 0.742187500 0.652343750 0.597656250 0.640625000 0.601562500 0.722656250 
0.636718750 3.386718750 4.933593750 3.707031250 8.546875000 4.722656250 4.875000000 3.179687500 4.199218750 3.171875000 2.777343750 1.503906250 1.730468750 1.382812500 1.781250000 2.632812500 4.480468750 6.660156250 1.980468750 1.593750000 0.660156250 1.015625000 1.625000000 3.167968750 3.281250000 1.011718750 0.644531250 1.695312500 0.925781250 0.343750000 0.308593750 0.281250000 0.312500000 0.222656250 0.136718750 0.210937500 0.414062500 0.367187500 0.300781250 0.394531250 0.363281250 0.269531250 
1.964843750 4.785156250 3.070312500 2.453125000 8.191406250 4.011718750 5.210937500 5.148437500 3.445312500 1.269531250 2.148437500 1.570312500 2.644531250 1.328125000 1.234375000 2.621093750 6.207031250 8.765625000 2.097656250 1.761718750 0.941406250 0.718750000 1.679687500 3.992187500 3.605468750 0.605468750 0.695312500 2.000000000 1.203125000 0.539062500 0.656250000 0.578125000 0.496093750 0.593750000 0.546875000 0.593750000 0.746093750 0.632812500 0.730468750 0.773437500 0.714843750 0.675781250 
0.992187500 3.656250000 4.367187500 3.722656250 8.390625000 4.871093750 6.523437500 2.671875000 2.640625000 1.871093750 1.988281250 1.386718750 1.605468750 1.101562500 1.218750000 2.589843750 5.109375000 7.203125000 2.347656250 2.039062500 0.960937500 1.085937500 1.402343750 3.093750000 3.625000000 0.855468750 0.570312500 1.160156250 1.003906250 0.605468750 0.585937500 0.648437500 0.535156250 0.511718750 0.574218750 0.566406250 0.628906250 0.523437500 0.636718750 0.699218750 0.683593750 0.574218750 
0.429687500 3.410156250 4.375000000 3.792968750 8.140625000 4.480468750 6.613281250 2.722656250 2.550781250 1.429687500 1.769531250 1.230468750 1.589843750 1.421875000 1.308593750 2.875000000 5.187500000 6.363281250 1.699218750 1.222656250 0.488281250 0.722656250 1.085937500 2.648437500 2.531250000 0.757812500 0.488281250 1.257812500 0.664062500 0.332031250 0.355468750 0.238281250 0.269531250 0.195312500 0.230468750 0.257812500 0.347656250 0.269531250 0.277343750 0.328125000 0.343750000 0.343750000 
1.031250000 4.242187500 3.312500000 2.671875000 7.210937500 3.000000000 5.828125000 4.960937500 3.050781250 1.507812500 2.082031250 1.738281250 2.089843750 1.730468750 1.117187500 2.542968750 7.605468750 6.527343750 1.175781250 1.160156250 0.683593750 0.757812500 1.085937500 2.132812500 2.035156250 0.398437500 0.472656250 1.031250000 0.765625000 0.457031250 0.488281250 0.433593750 0.402343750 0.460937500 0.484375000 0.437500000 0.500000000 0.542968750 0.503906250 0.503906250 0.546875000 0.535156250 
1.207031250 4.007812500 3.863281250 3.519531250 6.980468750 3.367187500 6.316406250 2.375000000 1.882812500 1.667968750 1.800781250 1.203125000 0.968750000 1.425781250 1.460937500 3.562500000 5.621093750 5.539062500 1.988281250 1.308593750 0.757812500 0.832031250 1.066406250 1.796875000 1.722656250 0.339843750 0.378906250 0.960937500 0.820312500 0.488281250 0.417968750 0.246093750 0.292968750 0.398437500 0.367187500 0.355468750 0.390625000 0.339843750 0.320312500 0.402343750 0.324218750 0.410156250 
0.929687500 4.054687500 3.500000000 2.699218750 6.742187500 4.328125000 6.625000000 1.671875000 1.386718750 1.257812500 1.628906250 1.015625000 1.148437500 1.378906250 1.101562500 4.746093750 4.742187500 4.183593750 0.992187500 1.046875000 0.710937500 0.632812500 1.140625000 1.496093750 1.296875000 0.242187500 0.292968750 1.070312500 0.812500000 0.320312500 0.417968750 0.238281250 0.238281250 0.238281250 0.234375000 0.230468750 0.320312500 0.308593750 0.320312500 0.371093750 0.339843750 0.289062500 
0.656250000 3.628906250 3.976562500 3.527343750 6.925781250 3.105468750 6.406250000 3.070312500 1.867187500 0.625000000 1.750000000 1.328125000 1.125000000 1.371093750 1.539062500 5.257812500 4.738281250 1.890625000 0.906250000 0.597656250 0.292968750 0.417968750 0.914062500 1.484375000 1.488281250 0.390625000 0.339843750 1.007812500 0.593750000 0.308593750 0.351562500 0.214843750 0.222656250 0.250000000 0.210937500 0.191406250 0.273437500 0.234375000 0.332031250 0.320312500 0.261718750 0.281250000 
1.152343750 4.457031250 2.742187500 2.597656250 6.824218750 2.054687500 5.769531250 3.949218750 2.343750000 1.285156250 2.269531250 1.910156250 2.191406250 2.433593750 2.199218750 6.386718750 3.886718750 1.230468750 0.953125000 1.050781250 0.687500000 0.683593750 0.992187500 1.632812500 1.351562500 0.519531250 0.449218750 1.058593750 0.796875000 0.539062500 0.632812500 0.605468750 0.601562500 0.687500000 0.507812500 0.515625000 0.625000000 0.617187500 0.679687500 0.632812500 0.644531250 0.628906250 
0.312500000 3.464843750 3.312500000 3.003906250 7.285156250 3.886718750 6.675781250 1.609375000 1.726562500 1.480468750 1.355468750 0.871093750 0.800781250 1.132812500 0.945312500 5.699218750 3.085937500 0.812500000 0.570312500 0.425781250 0.195312500 0.367187500 0.757812500 1.519531250 1.261718750 0.410156250 0.296875000 1.167968750 0.675781250 0.335937500 0.339843750 0.328125000 0.191406250 0.261718750 0.246093750 0.187500000 0.199218750 0.226562500 0.269531250 0.250000000 0.253906250 0.363281250 
0.308593750 3.269531250 3.203125000 3.031250000 7.175781250 3.433593750 6.539062500 1.750000000 1.890625000 0.902343750 1.457031250 1.066406250 0.937500000 1.160156250 1.410156250 6.632812500 3.707031250 1.128906250 0.886718750 0.500000000 0.449218750 0.457031250 0.488281250 1.199218750 1.265625000 0.519531250 0.457031250 0.925781250 0.609375000 0.347656250 0.328125000 0.425781250 0.308593750 0.304687500 0.289062500 0.292968750 0.277343750 0.277343750 0.285156250 0.289062500 0.328125000 0.359375000 
1.042968750 3.996093750 2.585937500 2.625000000 6.601562500 1.906250000 5.726562500 2.968750000 2.148437500 0.996093750 1.304687500 0.968750000 1.015625000 1.375000000 1.925781250 6.269531250 3.394531250 1.027343750 0.625000000 0.386718750 0.355468750 0.476562500 0.765625000 1.324218750 1.050781250 0.414062500 0.320312500 0.757812500 0.449218750 0.402343750 0.414062500 0.324218750 0.410156250 0.332031250 0.355468750 0.335937500 0.296875000 0.406250000 0.449218750 0.335937500 0.394531250 0.382812500 
1.066406250 3.789062500 2.500000000 2.671875000 6.125000000 1.507812500 5.402343750 1.367187500 1.835937500 1.757812500 1.687500000 1.511718750 1.203125000 1.503906250 2.222656250 3.863281250 2.589843750 1.218750000 0.691406250 0.582031250 0.640625000 0.675781250 0.695312500 1.371093750 1.019531250 0.562500000 0.398437500 0.507812500 0.390625000 0.410156250 0.417968750 0.320312500 0.308593750 0.328125000 0.355468750 0.296875000 0.308593750 0.382812500 0.433593750 0.464843750 0.355468750 0.429687500 
0.449218750 3.203125000 2.316406250 2.144531250 5.753906250 2.105468750 5.320312500 0.941406250 1.972656250 1.242187500 1.332031250 1.316406250 1.281250000 2.199218750 3.078125000 2.074218750 1.410156250 0.328125000 0.355468750 0.222656250 0.265625000 0.417968750 0.714843750 1.578125000 1.023437500 0.277343750 0.253906250 0.375000000 0.191406250 0.296875000 0.285156250 0.207031250 0.187500000 0.171875000 0.195312500 0.199218750 0.195312500 0.289062500 0.335937500 0.246093750 0.296875000 0.328125000 
0.816406250 2.566406250 3.472656250 2.843750000 5.386718750 2.730468750 4.562500000 1.675781250 1.718750000 0.656250000 1.058593750 1.089843750 1.058593750 1.851562500 2.773437500 1.484375000 0.675781250 0.425781250 0.222656250 0.171875000 0.226562500 0.359375000 0.640625000 1.421875000 1.035156250 0.265625000 0.207031250 0.363281250 0.214843750 0.207031250 0.261718750 0.203125000 0.152343750 0.140625000 0.179687500 0.230468750 0.199218750 0.199218750 0.300781250 0.246093750 0.250000000 0.292968750 
0.835937500 1.894531250 2.425781250 2.312500000 3.980468750 2.257812500 3.761718750 2.160156250 1.917968750 0.808593750 1.203125000 1.171875000 1.250000000 1.796875000 2.652343750 1.253906250 0.429687500 0.480468750 0.332031250 0.308593750 0.308593750 0.281250000 0.464843750 1.292968750 0.996093750 0.343750000 0.421875000 0.414062500 0.320312500 0.378906250 0.371093750 0.265625000 0.285156250 0.292968750 0.312500000 0.308593750 0.292968750 0.269531250 0.371093750 0.378906250 0.367187500 0.449218750 
0.187500000 0.207031250 0.300781250 0.250000000 0.187500000 0.085937500 0.167968750 0.343750000 0.464843750 0.484375000 0.417968750 0.292968750 0.210937500 0.375000000 0.687500000 0.812500000 0.585937500 0.375000000 0.386718750 0.320312500 0.335937500 0.285156250 0.183593750 0.554687500 0.871093750 0.496093750 0.449218750 0.371093750 0.457031250 0.488281250 0.406250000 0.390625000 0.367187500 0.308593750 0.324218750 0.343750000 0.378906250 0.406250000 0.394531250 0.363281250 0.398437500 0.382812500 
0.000000000 0.000000000 0.000000000 0.000000000 0.000000000 0.000000000 0.000000000 0.000000000 0.000000000 0.000000000 0.000000000 0.000000000 0.000000000 0.000000000 0.000000000 0.000000000 0.000000000 0.000000000 0.000000000 0.000000000 0.000000000 0.000000000 0.000000000 0.000000000 0.000000000 0.000000000 0.000000000 0.000000000 0.000000000 0.000000000 0.000000000 0.000000000 0.000000000 0.000000000 0.000000000 0.000000000 0.000000000 0.000000000 0.000000000 0.000000000 0.000000000 0.000000000 
0.000000000 0.000000000 0.000000000 0.000000000 0.000000000 0.000000000 0.000000000 0.000000000 0.000000000 0.000000000 0.000000000 0.000000000 0.000000000 0.000000000 0.000000000 0.000000000 0.000000000 0.000000000 0.000000000 0.000000000 0.000000000 0.000000000 0.000000000 0.000000000 0.000000000 0.000000000 0.000000000 0.000000000 0.000000000 0.000000000 0.000000000 0.000000000 0.000000000 0.000000000 0.000000000 0.000000000 0.000000000 0.000000000 0.000000000 0.000000000 0.000000000 0.000000000 
0.000000000 0.000000000 0.000000000 0.000000000 0.000000000 0.000000000 0.000000000 0.000000000 0.000000000 0.000000000 0.000000000 0.000000000 0.000000000 0.000000000 0.000000000 0.000000000 0.000000000 0.000000000 0.000000000 0.000000000 0.000000000 0.000000000 0.000000000 0.000000000 0.000000000 0.000000000 0.000000000 0.000000000 0.000000000 0.000000000 0.000000000 0.000000000 0.000000000 0.000000000 0.000000000 0.000000000 0.000000000 0.000000000 0.000000000 0.000000000 0.000000000 0.000000000 
0.000000000 0.000000000 0.000000000 0.000000000 0.000000000 0.000000000 0.000000000 0.000000000 0.000000000 0.000000000 0.000000000 0.000000000 0.000000000 0.000000000 0.000000000 0.000000000 0.000000000 0.000000000 0.000000000 0.000000000 0.000000000 0.000000000 0.000000000 0.000000000 0.000000000 0.000000000 0.000000000 0.000000000 0.000000000 0.000000000 0.000000000 0.000000000 0.000000000 0.000000000 0.000000000 0.000000000 0.000000000 0.000000000 0.000000000 0.000000000 0.000000000 0.000000000 
0.000000000 0.000000000 0.000000000 0.000000000 0.000000000 0.000000000 0.000000000 0.000000000 0.000000000 0.000000000 0.000000000 0.000000000 0.000000000 0.000000000 0.000000000 0.000000000 0.000000000 0.000000000 0.000000000 0.000000000 0.000000000 0.000000000 0.000000000 0.000000000 0.000000000 0.000000000 0.000000000 0.000000000 0.000000000 0.000000000 0.000000000 0.000000000 0.000000000 0.000000000 0.000000000 0.000000000 0.000000000 0.000000000 0.000000000 0.000000000 0.000000000 0.000000000 
0.000000000 0.000000000 0.000000000 0.000000000 0.000000000 0.000000000 0.000000000 0.000000000 0.000000000 0.000000000 0.000000000 0.000000000 0.000000000 0.000000000 0.000000000 0.000000000 0.000000000 0.000000000 0.000000000 0.000000000 0.000000000 0.000000000 0.000000000 0.000000000 0.000000000 0.000000000 0.000000000 0.000000000 0.000000000 0.000000000 0.000000000 0.000000000 0.000000000 0.000000000 0.000000000 0.000000000 0.000000000 0.000000000 0.000000000 0.000000000 0.000000000 0.000000000 
0.000000000 0.000000000 0.000000000 0.000000000 0.000000000 0.000000000 0.000000000 0.000000000 0.000000000 0.000000000 0.000000000 0.000000000 0.000000000 0.000000000 0.000000000 0.000000000 0.000000000 0.000000000 0.000000000 0.000000000 0.000000000 0.000000000 0.000000000 0.000000000 0.000000000 0.000000000 0.000000000 0.000000000 0.000000000 0.000000000 0.000000000 0.000000000 0.000000000 0.000000000 0.000000000 0.000000000 0.000000000 0.000000000 0.000000000 0.000000000 0.000000000 0.000000000 
0.000000000 0.000000000 0.000000000 0.000000000 0.000000000 0.000000000 0.000000000 0.000000000 0.000000000 0.000000000 0.000000000 0.000000000 0.000000000 0.000000000 0.000000000 0.000000000 0.000000000 0.000000000 0.000000000 0.000000000 0.000000000 0.000000000 0.000000000 0.000000000 0.000000000 0.000000000 0.000000000 0.000000000 0.000000000 0.000000000 0.000000000 0.000000000 0.000000000 0.000000000 0.000000000 0.000000000 0.000000000 0.000000000 0.000000000 0.000000000 0.000000000 0.000000000 
0.000000000 0.000000000 0.000000000 0.000000000 0.000000000 0.000000000 0.000000000 0.000000000 0.000000000 0.000000000 0.000000000 0.000000000 0.000000000 0.000000000 0.000000000 0.000000000 0.000000000 0.000000000 0.000000000 0.000000000 0.000000000 0.000000000 0.000000000 0.000000000 0.000000000 0.000000000 0.000000000 0.000000000 0.000000000 0.000000000 0.000000000 0.000000000 0.000000000 0.000000000 0.000000000 0.000000000 0.000000000 0.000000000 0.000000000 0.000000000 0.000000000 0.000000000 
0.000000000 0.000000000 0.000000000 0.000000000 0.000000000 0.000000000 0.000000000 0.000000000 0.000000000 0.000000000 0.000000000 0.000000000 0.000000000 0.000000000 0.000000000 0.000000000 0.000000000 0.000000000 0.000000000 0.000000000 0.000000000 0.000000000 0.000000000 0.000000000 0.000000000 0.000000000 0.000000000 0.000000000 0.000000000 0.000000000 0.000000000 0.000000000 0.000000000 0.000000000 0.000000000 0.000000000 0.000000000 0.000000000 0.000000000 0.000000000 0.000000000 0.000000000 
0.000000000 0.000000000 0.000000000 0.000000000 0.000000000 0.000000000 0.000000000 0.000000000 0.000000000 0.000000000 0.000000000 0.000000000 0.000000000 0.000000000 0.000000000 0.000000000 0.000000000 0.000000000 0.000000000 0.000000000 0.000000000 0.000000000 0.000000000 0.000000000 0.000000000 0.000000000 0.000000000 0.000000000 0.000000000 0.000000000 0.000000000 0.000000000 0.000000000 0.000000000 0.000000000 0.000000000 0.000000000 0.000000000 0.000000000 0.000000000 0.000000000 0.000000000 
