0.000000000 0.000000000 0.000000000 0.000000000 0.000000000 0.000000000 0.000000000 0.000000000 0.000000000 0.000000000 0.000000000 0.000000000 0.000000000 0.000000000 0.000000000 0.000000000 0.000000000 0.000000000 0.000000000 0.000000000 0.000000000 0.000000000 0.000000000 0.000000000 0.000000000 0.000000000 0.000000000 0.000000000 0.000000000 0.000000000 0.000000000 0.000000000 0.000000000 0.000000000 0.000000000 0.000000000 0.000000000 0.000000000 0.000000000 0.000000000 0.000000000 0.000000000 
0.000000000 0.000000000 0.000000000 0.000000000 0.000000000 0.000000000 0.000000000 0.000000000 0.000000000 0.000000000 0.000000000 0.000000000 0.000000000 0.000000000 0.000000000 0.000000000 0.000000000 0.000000000 0.000000000 0.000000000 0.000000000 0.000000000 0.000000000 0.000000000 0.000000000 0.000000000 0.000000000 0.000000000 0.000000000 0.000000000 0.000000000 0.000000000 0.000000000 0.000000000 0.000000000 0.000000000 0.000000000 0.000000000 0.000000000 0.000000000 0.000000000 0.000000000 
0.000000000 0.000000000 0.000000000 0.000000000 0.000000000 0.000000000 0.000000000 0.000000000 0.000000000 0.000000000 0.000000000 0.000000000 0.000000000 0.000000000 0.000000000 0.000000000 0.000000000 0.000000000 0.000000000 0.000000000 0.000000000 0.000000000 0.000000000 0.000000000 0.000000000 0.000000000 0.000000000 0.000000000 0.000000000 0.000000000 0.000000000 0.000000000 0.000000000 0.000000000 0.000000000 0.000000000 0.000000000 0.000000000 0.000000000 0.000000000 0.000000000 0.000000000 
0.000000000 0.000000000 0.000000000 0.000000000 0.000000000 0.000000000 0.000000000 0.000000000 0.000000000 0.000000000 0.000000000 0.000000000 0.000000000 0.000000000 0.000000000 0.000000000 0.000000000 0.000000000 0.000000000 0.000000000 0.000000000 0.000000000 0.000000000 0.000000000 0.000000000 0.000000000 0.000000000 0.000000000 0.000000000 0.000000000 0.000000000 0.000000000 0.000000000 0.000000000 0.000000000 0.000000000 0.000000000 0.000000000 0.000000000 0.000000000 0.000000000 0.000000000 
0.003906250 0.007812500 0.003906250 0.007812500 0.007812500 0.007812500 0.007812500 0.007812500 0.007812500 0.007812500 0.011718750 0.011718750 0.007812500 0.011718750 0.015625000 0.011718750 0.003906250 0.031250000 0.093750000 0.125000000 0.101562500 0.042968750 0.031250000 0.062500000 0.117187500 0.082031250 0.058593750 0.101562500 0.015625000 0.011718750 0.101562500 0.066406250 0.023437500 0.039062500 0.058593750 0.003906250 0.066406250 0.113281250 0.093750000 0.105468750 0.156250000 0.261718750 
0.011718750 0.011718750 0.015625000 0.007812500 0.007812500 0.007812500 0.011718750 0.015625000 0.031250000 0.039062500 0.011718750 0.019531250 0.007812500 0.031250000 0.058593750 0.027343750 0.023437500 0.046875000 0.089843750 0.156250000 0.109375000 0.054687500 0.070312500 0.136718750 0.210937500 0.238281250 0.261718750 0.847656250 0.550781250 0.218750000 0.316406250 0.527343750 0.214843750 0.113281250 0.113281250 0.058593750 0.117187500 0.234375000 0.175781250 0.164062500 0.210937500 0.328125000 
0.011718750 0.015625000 0.015625000 0.011718750 0.007812500 0.007812500 0.015625000 0.011718750 0.035156250 0.039062500 0.015625000 0.015625000 0.015625000 0.035156250 0.058593750 0.027343750 0.027343750 0.046875000 0.093750000 0.156250000 0.105468750 0.058593750 0.070312500 0.140625000 0.210937500 0.234375000 0.277343750 0.835937500 0.558593750 0.222656250 0.308593750 0.542968750 0.210937500 0.121093750 0.109375000 0.054687500 0.121093750 0.234375000 0.171875000 0.179687500 0.218750000 0.328125000 
0.011718750 0.015625000 0.019531250 0.007812500 0.011718750 0.003906250 0.000000000 0.007812500 0.039062500 0.035156250 0.011718750 0.011718750 0.015625000 0.035156250 0.062500000 0.035156250 0.031250000 0.019531250 0.035156250 0.101562500 0.054687500 0.050781250 0.097656250 0.187500000 0.250000000 0.250000000 0.285156250 0.847656250 0.562500000 0.234375000 0.398437500 0.621093750 0.312500000 0.179687500 0.164062500 0.085937500 0.101562500 0.238281250 0.144531250 0.128906250 0.128906250 0.140625000 
0.003906250 0.011718750 0.011718750 0.015625000 0.007812500 0.019531250 0.015625000 0.011718750 0.023437500 0.023437500 0.019531250 0.007812500 0.015625000 0.027343750 0.031250000 0.023437500 0.019531250 0.003906250 0.007812500 0.042968750 0.078125000 0.078125000 0.093750000 0.261718750 0.210937500 0.144531250 0.105468750 0.218750000 0.183593750 0.128906250 0.265625000 0.421875000 0.281250000 0.109375000 0.144531250 0.105468750 0.140625000 0.097656250 0.132812500 0.074218750 0.062500000 0.050781250 
0.003906250 0.000000000 0.000000000 0.000000000 0.007812500 0.011718750 0.015625000 0.011718750 0.011718750 0.011718750 0.011718750 0.011718750 0.011718750 0.019531250 0.031250000 0.015625000 0.011718750 0.007812500 0.007812500 0.035156250 0.078125000 0.070312500 0.097656250 0.261718750 0.199218750 0.140625000 0.093750000 0.214843750 0.167968750 0.117187500 0.253906250 0.414062500 0.285156250 0.089843750 0.152343750 0.097656250 0.128906250 0.109375000 0.140625000 0.042968750 0.042968750 0.027343750 
0.003906250 0.000000000 0.000000000 0.000000000 0.007812500 0.011718750 0.015625000 0.011718750 0.011718750 0.011718750 0.011718750 0.011718750 0.011718750 0.019531250 0.031250000 0.015625000 0.011718750 0.007812500 0.007812500 0.035156250 0.078125000 0.070312500 0.097656250 0.261718750 0.199218750 0.140625000 0.093750000 0.214843750 0.167968750 0.117187500 0.253906250 0.414062500 0.285156250 0.089843750 0.152343750 0.097656250 0.128906250 0.109375000 0.140625000 0.042968750 0.042968750 0.027343750 
0.097656250 0.085937500 0.148437500 0.136718750 0.074218750 0.222656250 0.437500000 0.410156250 0.195312500 0.082031250 0.105468750 0.066406250 0.101562500 0.125000000 0.125000000 0.066406250 0.074218750 0.093750000 0.078125000 0.058593750 0.015625000 0.066406250 0.109375000 0.171875000 0.289062500 0.218750000 0.210937500 0.507812500 0.328125000 0.289062500 0.476562500 0.871093750 0.902343750 0.546875000 0.968750000 0.609375000 0.449218750 0.292968750 0.246093750 0.222656250 0.250000000 0.164062500 
0.257812500 0.371093750 0.304687500 0.210937500 0.109375000 0.250000000 0.621093750 0.367187500 0.128906250 0.121093750 0.085937500 0.089843750 0.109375000 0.203125000 0.144531250 0.093750000 0.082031250 0.097656250 0.078125000 0.070312500 0.082031250 0.054687500 0.269531250 0.523437500 1.156250000 1.242187500 0.875000000 1.351562500 1.218750000 2.031250000 1.398437500 3.281250000 6.320312500 3.273437500 2.578125000 0.656250000 0.546875000 0.808593750 0.277343750 0.269531250 0.347656250 0.449218750 
0.261718750 0.414062500 0.371093750 0.234375000 0.347656250 0.597656250 0.683593750 0.898437500 0.777343750 0.613281250 0.265625000 0.156250000 0.312500000 0.617187500 0.363281250 0.187500000 0.125000000 0.128906250 0.101562500 0.214843750 0.199218750 0.226562500 0.347656250 0.726562500 1.359375000 1.730468750 1.515625000 2.140625000 2.203125000 3.667968750 4.335937500 8.675781250 8.292968750 4.898437500 5.351562500 1.730468750 2.097656250 2.261718750 0.527343750 0.496093750 0.757812500 0.703125000 
0.218750000 0.503906250 0.386718750 0.265625000 0.222656250 0.472656250 0.867187500 1.207031250 0.714843750 0.507812500 0.191406250 0.187500000 0.253906250 0.589843750 0.324218750 0.222656250 0.062500000 0.085937500 0.152343750 0.167968750 0.132812500 0.148437500 0.316406250 0.562500000 1.417968750 2.000000000 1.519531250 2.609375000 2.472656250 4.136718750 6.460937500 17.667968750 15.144531250 6.539062500 7.273437500 3.019531250 4.003906250 4.050781250 1.191406250 0.726562500 1.117187500 1.023437500 
0.179687500 0.324218750 0.406250000 0.195312500 0.257812500 0.414062500 0.742187500 1.203125000 0.726562500 0.519531250 0.183593750 0.191406250 0.222656250 0.589843750 0.324218750 0.273437500 0.105468750 0.085937500 0.187500000 0.222656250 0.156250000 0.144531250 0.246093750 0.453125000 0.937500000 1.605468750 1.621093750 2.742187500 2.546875000 5.097656250 8.367187500 20.460937500 15.875000000 6.820312500 7.886718750 3.535156250 4.980468750 5.605468750 1.664062500 0.808593750 1.113281250 1.218750000 
0.152343750 0.308593750 0.402343750 0.195312500 0.148437500 0.335937500 0.738281250 0.878906250 0.523437500 0.433593750 0.398437500 0.195312500 0.226562500 0.273437500 0.273437500 0.281250000 0.199218750 0.167968750 0.183593750 0.214843750 0.203125000 0.265625000 0.265625000 0.566406250 1.027343750 0.902343750 1.703125000 2.437500000 3.238281250 6.175781250 10.632812500 21.351562500 17.820312500 8.378906250 8.093750000 5.460937500 6.566406250 6.765625000 2.250000000 1.300781250 1.703125000 1.507812500 
0.039062500 0.265625000 0.292968750 0.074218750 0.164062500 0.171875000 0.152343750 0.101562500 0.246093750 0.191406250 0.089843750 0.113281250 0.203125000 0.292968750 0.433593750 0.207031250 0.164062500 0.183593750 0.207031250 0.289062500 0.160156250 0.214843750 0.304687500 0.582031250 1.097656250 1.640625000 1.136718750 2.734375000 3.710937500 6.464843750 10.515625000 18.601562500 24.457031250 9.437500000 7.906250000 4.765625000 6.089843750 6.230468750 2.855468750 1.882812500 2.250000000 1.851562500 
0.027343750 0.253906250 0.289062500 0.089843750 0.128906250 0.113281250 0.136718750 0.093750000 0.171875000 0.093750000 0.074218750 0.156250000 0.269531250 0.410156250 0.468750000 0.304687500 0.187500000 0.160156250 0.250000000 0.242187500 0.183593750 0.242187500 0.453125000 0.816406250 1.066406250 1.707031250 1.671875000 2.574218750 3.476562500 6.609375000 12.300781250 25.910156250 29.941406250 11.003906250 6.597656250 4.277343750 6.230468750 6.601562500 3.437500000 2.019531250 2.257812500 1.757812500 
0.007812500 0.195312500 0.210937500 0.101562500 0.058593750 0.050781250 0.218750000 0.234375000 0.199218750 0.101562500 0.082031250 0.101562500 0.121093750 0.312500000 0.468750000 0.281250000 0.179687500 0.109375000 0.207031250 0.253906250 0.136718750 0.128906250 0.363281250 0.781250000 1.136718750 1.867187500 1.570312500 3.234375000 2.734375000 6.546875000 11.519531250 24.425781250 29.937500000 9.933593750 6.171875000 3.648437500 5.417968750 6.027343750 3.316406250 1.949218750 2.507812500 1.675781250 
0.089843750 0.167968750 0.070312500 0.031250000 0.058593750 0.117187500 0.140625000 0.238281250 0.132812500 0.078125000 0.101562500 0.113281250 0.113281250 0.261718750 0.449218750 0.261718750 0.226562500 0.171875000 0.289062500 0.199218750 0.285156250 0.218750000 0.449218750 0.886718750 1.027343750 1.246093750 1.476562500 2.656250000 2.082031250 5.523437500 11.207031250 24.691406250 25.113281250 9.550781250 6.273437500 3.656250000 3.976562500 5.492187500 2.890625000 1.687500000 2.167968750 1.074218750 
0.039062500 0.082031250 0.082031250 0.050781250 0.082031250 0.105468750 0.128906250 0.226562500 0.148437500 0.164062500 0.175781250 0.148437500 0.152343750 0.175781250 0.230468750 0.269531250 0.179687500 0.164062500 0.250000000 0.285156250 0.234375000 0.250000000 0.351562500 0.757812500 1.164062500 1.089843750 1.289062500 2.628906250 1.953125000 4.164062500 8.582031250 15.746093750 15.625000000 7.148437500 6.828125000 3.238281250 2.816406250 3.964843750 2.285156250 1.746093750 1.960937500 1.191406250 
0.019531250 0.074218750 0.050781250 0.046875000 0.085937500 0.054687500 0.097656250 0.042968750 0.101562500 0.054687500 0.011718750 0.046875000 0.054687500 0.109375000 0.156250000 0.128906250 0.058593750 0.078125000 0.109375000 0.167968750 0.179687500 0.113281250 0.269531250 0.484375000 0.664062500 0.921875000 0.941406250 1.421875000 1.398437500 2.371093750 5.117187500 8.425781250 10.164062500 5.183593750 6.261718750 2.679687500 1.652343750 1.929687500 1.539062500 1.078125000 1.089843750 0.906250000 
0.031250000 0.035156250 0.066406250 0.074218750 0.039062500 0.042968750 0.105468750 0.058593750 0.039062500 0.035156250 0.023437500 0.039062500 0.070312500 0.101562500 0.113281250 0.109375000 0.066406250 0.078125000 0.105468750 0.113281250 0.179687500 0.113281250 0.234375000 0.335937500 0.503906250 0.574218750 0.585937500 1.203125000 1.093750000 1.976562500 2.824218750 4.156250000 6.117187500 3.718750000 4.027343750 1.363281250 1.558593750 1.457031250 1.312500000 0.789062500 0.796875000 0.703125000 
0.031250000 0.031250000 0.042968750 0.070312500 0.046875000 0.066406250 0.089843750 0.062500000 0.046875000 0.035156250 0.031250000 0.015625000 0.062500000 0.078125000 0.093750000 0.085937500 0.054687500 0.062500000 0.085937500 0.074218750 0.089843750 0.097656250 0.144531250 0.195312500 0.347656250 0.464843750 0.343750000 0.433593750 0.613281250 0.867187500 1.542968750 3.089843750 4.312500000 2.910156250 1.578125000 0.656250000 0.476562500 0.769531250 0.570312500 0.542968750 0.539062500 0.289062500 
0.046875000 0.023437500 0.023437500 0.046875000 0.015625000 0.023437500 0.078125000 0.058593750 0.042968750 0.023437500 0.050781250 0.035156250 0.062500000 0.035156250 0.074218750 0.070312500 0.062500000 0.066406250 0.070312500 0.062500000 0.070312500 0.066406250 0.054687500 0.062500000 0.132812500 0.183593750 0.156250000 0.273437500 0.347656250 0.515625000 0.761718750 1.105468750 2.000000000 1.328125000 0.804687500 0.421875000 0.386718750 0.363281250 0.261718750 0.320312500 0.300781250 0.257812500 
0.019531250 0.023437500 0.011718750 0.019531250 0.015625000 0.035156250 0.035156250 0.031250000 0.023437500 0.042968750 0.058593750 0.027343750 0.054687500 0.035156250 0.046875000 0.054687500 0.050781250 0.050781250 0.042968750 0.042968750 0.039062500 0.046875000 0.066406250 0.066406250 0.101562500 0.199218750 0.156250000 0.167968750 0.250000000 0.453125000 0.515625000 0.875000000 1.515625000 1.230468750 0.660156250 0.375000000 0.394531250 0.312500000 0.257812500 0.230468750 0.226562500 0.242187500 
0.019531250 0.031250000 0.015625000 0.023437500 0.023437500 0.035156250 0.023437500 0.015625000 0.023437500 0.050781250 0.066406250 0.023437500 0.050781250 0.062500000 0.039062500 0.082031250 0.050781250 0.046875000 0.058593750 0.082031250 0.042968750 0.046875000 0.058593750 0.066406250 0.121093750 0.179687500 0.148437500 0.113281250 0.160156250 0.386718750 0.578125000 0.867187500 1.300781250 1.082031250 0.542968750 0.332031250 0.382812500 0.273437500 0.273437500 0.226562500 0.195312500 0.210937500 
0.019531250 0.019531250 0.027343750 0.027343750 0.023437500 0.027343750 0.027343750 0.039062500 0.035156250 0.046875000 0.042968750 0.023437500 0.050781250 0.058593750 0.039062500 0.066406250 0.070312500 0.027343750 0.046875000 0.078125000 0.046875000 0.058593750 0.082031250 0.085937500 0.097656250 0.140625000 0.156250000 0.167968750 0.191406250 0.355468750 0.589843750 0.703125000 1.050781250 0.906250000 0.531250000 0.324218750 0.367187500 0.226562500 0.250000000 0.234375000 0.187500000 0.167968750 
0.019531250 0.011718750 0.015625000 0.027343750 0.031250000 0.007812500 0.023437500 0.042968750 0.035156250 0.023437500 0.039062500 0.046875000 0.035156250 0.054687500 0.035156250 0.039062500 0.046875000 0.027343750 0.039062500 0.074218750 0.039062500 0.050781250 0.085937500 0.101562500 0.121093750 0.132812500 0.148437500 0.171875000 0.203125000 0.285156250 0.527343750 0.781250000 1.039062500 0.640625000 0.312500000 0.230468750 0.308593750 0.179687500 0.187500000 0.160156250 0.160156250 0.199218750 
0.062500000 0.089843750 0.148437500 0.156250000 0.210937500 0.285156250 0.277343750 0.277343750 0.296875000 0.367187500 0.406250000 0.484375000 0.476562500 0.421875000 0.367187500 0.277343750 0.167968750 0.093750000 0.070312500 0.089843750 0.058593750 0.074218750 0.234375000 0.464843750 0.617187500 0.722656250 0.886718750 0.847656250 0.910156250 1.753906250 2.765625000 2.144531250 1.925781250 1.472656250 1.054687500 0.687500000 0.632812500 0.652343750 0.433593750 0.265625000 0.394531250 0.324218750 
0.046875000 0.066406250 0.226562500 0.347656250 0.980468750 1.101562500 1.714843750 2.437500000 1.492187500 1.054687500 0.609375000 0.722656250 1.250000000 1.195312500 1.132812500 0.644531250 0.316406250 0.207031250 0.304687500 0.312500000 0.242187500 0.191406250 0.273437500 0.828125000 1.050781250 1.000000000 0.851562500 2.625000000 1.636718750 2.371093750 4.363281250 9.425781250 7.531250000 1.875000000 2.250000000 0.570312500 0.632812500 2.035156250 2.445312500 0.480468750 0.339843750 0.242187500 
1.425781250 2.835937500 4.765625000 4.468750000 4.753906250 3.457031250 4.941406250 3.988281250 1.027343750 1.843750000 0.937500000 1.136718750 2.007812500 1.871093750 1.898437500 0.945312500 0.644531250 0.691406250 0.703125000 0.796875000 0.675781250 0.613281250 0.726562500 1.261718750 1.410156250 1.144531250 1.140625000 3.234375000 2.015625000 2.277343750 4.640625000 9.789062500 7.828125000 2.792968750 2.457031250 0.718750000 1.105468750 2.242187500 2.789062500 0.847656250 0.753906250 0.703125000 
7.214843750 11.875000000 16.460937500 11.023437500 9.476562500 11.441406250 16.878906250 19.429687500 22.957031250 17.777343750 7.179687500 5.847656250 4.867187500 6.550781250 11.507812500 10.628906250 3.003906250 1.226562500 1.003906250 0.902343750 0.628906250 0.640625000 1.324218750 2.453125000 6.621093750 7.042968750 2.835937500 6.335937500 5.621093750 3.906250000 4.707031250 10.390625000 7.941406250 2.984375000 2.785156250 1.011718750 1.011718750 2.117187500 2.773437500 0.734375000 0.605468750 0.488281250 
7.175781250 20.957031250 17.640625000 16.511718750 9.453125000 13.972656250 20.683593750 29.089843750 24.480468750 30.726562500 14.535156250 8.761718750 7.890625000 12.851562500 19.144531250 13.054687500 2.687500000 1.296875000 1.195312500 1.023437500 0.531250000 0.472656250 1.531250000 3.062500000 9.375000000 9.207031250 3.515625000 6.796875000 6.234375000 3.687500000 4.031250000 5.593750000 1.812500000 2.273437500 2.019531250 1.007812500 0.910156250 1.085937500 1.777343750 0.515625000 0.449218750 0.277343750 
9.839843750 26.636718750 19.914062500 17.730468750 10.886718750 18.687500000 23.980468750 31.843750000 37.050781250 37.988281250 23.039062500 10.531250000 14.460937500 20.546875000 24.195312500 15.257812500 4.058593750 2.296875000 1.882812500 1.871093750 1.468750000 1.437500000 2.332031250 4.117187500 11.894531250 12.023437500 3.882812500 7.183593750 6.992187500 4.128906250 3.992187500 4.761718750 1.585937500 1.222656250 1.750000000 1.316406250 1.160156250 1.179687500 1.105468750 1.109375000 1.292968750 1.289062500 
11.363281250 28.492187500 23.687500000 17.105468750 7.109375000 16.750000000 21.453125000 23.156250000 32.628906250 33.914062500 27.789062500 13.917968750 13.015625000 22.660156250 22.332031250 11.960937500 4.562500000 1.035156250 1.699218750 1.250000000 1.132812500 1.226562500 1.828125000 4.105468750 11.042968750 11.683593750 2.878906250 5.531250000 5.402343750 3.242187500 3.718750000 3.289062500 1.078125000 0.710937500 1.566406250 1.074218750 0.687500000 0.734375000 0.679687500 0.730468750 0.812500000 0.777343750 
10.433593750 26.851562500 17.312500000 18.273437500 9.070312500 16.042968750 16.941406250 21.714843750 40.417968750 40.910156250 26.882812500 11.347656250 19.035156250 38.691406250 22.097656250 11.949218750 2.914062500 1.988281250 1.550781250 1.179687500 1.492187500 0.960937500 1.687500000 3.550781250 9.414062500 11.183593750 3.503906250 5.257812500 4.371093750 2.691406250 3.722656250 2.945312500 1.613281250 1.328125000 1.644531250 1.535156250 1.437500000 1.406250000 1.386718750 1.375000000 1.398437500 1.453125000 
11.792968750 21.199218750 19.667968750 19.332031250 10.121093750 16.273437500 14.902343750 15.699218750 35.527343750 45.917968750 22.421875000 9.656250000 21.746093750 40.843750000 23.726562500 10.582031250 2.746093750 1.898437500 1.777343750 1.277343750 0.812500000 1.183593750 2.292968750 3.070312500 7.910156250 10.050781250 4.160156250 6.226562500 3.863281250 2.421875000 3.808593750 2.160156250 0.695312500 0.699218750 1.125000000 0.746093750 0.585937500 0.402343750 0.445312500 0.488281250 0.582031250 0.558593750 
9.003906250 18.871093750 16.515625000 17.941406250 9.449218750 16.996093750 18.691406250 13.937500000 29.875000000 38.019531250 19.187500000 9.890625000 24.199218750 42.988281250 22.296875000 8.234375000 1.605468750 0.929687500 0.878906250 1.023437500 0.726562500 0.652343750 1.281250000 2.332031250 5.542968750 7.476562500 4.425781250 7.652343750 4.542968750 2.367187500 3.347656250 2.351562500 1.125000000 0.917968750 1.078125000 0.980468750 0.808593750 0.816406250 0.734375000 0.835937500 0.800781250 0.980468750 
7.664062500 18.117187500 16.164062500 14.156250000 8.503906250 16.636718750 19.609375000 15.503906250 26.835937500 37.839843750 25.687500000 13.707031250 31.949218750 39.910156250 21.078125000 7.281250000 3.734375000 2.085937500 1.703125000 0.746093750 0.582031250 0.832031250 1.355468750 2.613281250 6.085937500 8.097656250 4.570312500 7.316406250 5.617187500 2.187500000 2.445312500 1.726562500 1.031250000 0.507812500 0.890625000 0.695312500 0.539062500 0.449218750 0.511718750 0.367187500 0.449218750 0.476562500 
6.359375000 14.296875000 13.039062500 12.480468750 8.554687500 18.546875000 20.535156250 17.722656250 28.972656250 40.105468750 30.992187500 22.449218750 27.773437500 37.871093750 24.140625000 6.941406250 1.496093750 0.800781250 1.171875000 0.910156250 0.421875000 0.359375000 1.726562500 3.277343750 5.886718750 9.035156250 5.234375000 7.867187500 6.429687500 2.605468750 1.742187500 1.648437500 0.894531250 0.472656250 0.746093750 0.609375000 0.410156250 0.347656250 0.328125000 0.367187500 0.371093750 0.355468750 
4.468750000 8.660156250 10.195312500 13.464843750 8.472656250 17.531250000 22.554687500 17.453125000 30.027343750 42.699218750 27.496093750 20.539062500 28.636718750 38.343750000 27.648437500 6.039062500 1.593750000 0.804687500 1.179687500 0.867187500 0.437500000 0.453125000 1.660156250 2.808593750 6.144531250 8.773437500 5.406250000 6.886718750 6.644531250 3.164062500 1.742187500 1.656250000 0.617187500 0.425781250 0.687500000 0.582031250 0.433593750 0.390625000 0.488281250 0.382812500 0.402343750 0.582031250 
4.621093750 10.503906250 12.105468750 14.812500000 9.402343750 19.011718750 24.480468750 17.250000000 27.507812500 45.488281250 28.414062500 17.292968750 25.554687500 42.199218750 30.187500000 6.078125000 2.550781250 1.585937500 1.597656250 1.457031250 0.765625000 0.671875000 1.480468750 3.222656250 5.210937500 7.566406250 5.546875000 7.269531250 6.425781250 4.765625000 1.835937500 1.503906250 0.503906250 0.292968750 0.445312500 0.414062500 0.281250000 0.218750000 0.242187500 0.300781250 0.269531250 0.289062500 
4.265625000 10.984375000 12.027343750 15.292968750 9.671875000 16.636718750 25.019531250 20.269531250 30.558593750 42.304687500 23.660156250 18.371093750 24.859375000 36.050781250 26.089843750 7.839843750 3.093750000 1.863281250 1.894531250 1.800781250 1.011718750 1.125000000 1.597656250 3.351562500 6.789062500 6.757812500 4.078125000 6.339843750 7.496093750 7.015625000 2.074218750 1.523437500 0.828125000 0.476562500 0.585937500 0.488281250 0.546875000 0.511718750 0.500000000 0.519531250 0.593750000 0.695312500 
4.648437500 8.703125000 11.054687500 14.253906250 8.097656250 10.792968750 22.484375000 17.554687500 27.363281250 33.281250000 14.683593750 11.882812500 19.796875000 33.515625000 22.589843750 7.074218750 1.218750000 1.070312500 1.847656250 1.394531250 0.945312500 0.937500000 1.351562500 3.355468750 5.546875000 5.410156250 3.566406250 5.125000000 6.429687500 6.363281250 2.019531250 1.343750000 0.617187500 0.601562500 0.695312500 0.632812500 0.738281250 0.648437500 0.605468750 0.675781250 0.710937500 0.730468750 
3.898437500 8.632812500 9.710937500 12.203125000 6.687500000 10.875000000 18.968750000 16.312500000 23.835937500 19.929687500 6.664062500 6.476562500 11.210937500 18.003906250 14.941406250 4.558593750 1.835937500 1.394531250 0.906250000 1.000000000 0.746093750 0.628906250 1.460937500 2.531250000 4.480468750 4.003906250 1.609375000 3.421875000 4.750000000 5.187500000 1.554687500 0.980468750 0.718750000 0.539062500 0.441406250 0.492187500 0.500000000 0.546875000 0.531250000 0.578125000 0.554687500 0.582031250 
3.964843750 7.625000000 11.125000000 6.925781250 4.289062500 8.398437500 12.695312500 8.769531250 4.082031250 8.578125000 3.312500000 2.312500000 2.523437500 5.214843750 5.914062500 3.914062500 1.437500000 1.097656250 1.062500000 0.898437500 0.980468750 0.921875000 0.960937500 1.246093750 1.519531250 1.417968750 1.281250000 1.445312500 1.812500000 1.332031250 1.183593750 1.093750000 0.898437500 0.734375000 0.707031250 0.644531250 0.722656250 0.832031250 0.792968750 0.757812500 0.761718750 0.871093750 
3.046875000 4.437500000 3.277343750 3.984375000 4.050781250 5.699218750 6.269531250 4.691406250 2.164062500 7.359375000 3.363281250 2.562500000 2.406250000 5.253906250 4.609375000 1.707031250 1.230468750 0.828125000 0.511718750 0.707031250 0.656250000 0.699218750 0.679687500 0.691406250 0.718750000 0.945312500 0.949218750 0.820312500 0.871093750 0.773437500 0.546875000 0.398437500 0.460937500 0.433593750 0.359375000 0.367187500 0.449218750 0.394531250 0.449218750 0.425781250 0.421875000 0.597656250 
2.265625000 2.453125000 4.773437500 3.871093750 3.421875000 3.828125000 5.000000000 2.789062500 3.078125000 5.816406250 3.671875000 1.359375000 1.546875000 3.796875000 3.589843750 1.664062500 0.820312500 0.585937500 0.589843750 0.554687500 0.539062500 0.621093750 0.593750000 0.652343750 0.671875000 0.882812500 0.703125000 0.769531250 0.695312500 0.835937500 0.542968750 0.429687500 0.335937500 0.378906250 0.464843750 0.398437500 0.492187500 0.527343750 0.562500000 0.644531250 0.593750000 0.484375000 
2.355468750 2.257812500 2.773437500 3.222656250 2.433593750 2.894531250 4.527343750 3.015625000 2.359375000 2.156250000 2.109375000 1.031250000 1.468750000 3.734375000 3.214843750 1.484375000 0.675781250 0.585937500 0.503906250 0.414062500 0.417968750 0.367187500 0.566406250 0.605468750 0.671875000 0.457031250 0.386718750 0.640625000 0.660156250 0.917968750 0.472656250 0.390625000 0.425781250 0.410156250 0.398437500 0.406250000 0.429687500 0.386718750 0.472656250 0.460937500 0.445312500 0.539062500 
1.414062500 1.531250000 2.886718750 3.160156250 1.898437500 1.820312500 2.535156250 2.812500000 2.742187500 1.210937500 1.132812500 1.031250000 1.281250000 3.332031250 2.613281250 1.078125000 0.246093750 0.238281250 0.128906250 0.160156250 0.187500000 0.210937500 0.402343750 0.390625000 0.417968750 0.332031250 0.261718750 0.316406250 0.445312500 0.496093750 0.246093750 0.203125000 0.140625000 0.226562500 0.187500000 0.191406250 0.210937500 0.222656250 0.250000000 0.250000000 0.351562500 0.304687500 
1.085937500 1.507812500 2.574218750 3.187500000 1.914062500 1.492187500 1.492187500 1.835937500 2.066406250 1.242187500 0.945312500 0.570312500 1.160156250 2.664062500 2.167968750 0.769531250 0.250000000 0.214843750 0.152343750 0.105468750 0.082031250 0.113281250 0.207031250 0.281250000 0.371093750 0.355468750 0.238281250 0.285156250 0.406250000 0.460937500 0.191406250 0.179687500 0.171875000 0.250000000 0.253906250 0.183593750 0.203125000 0.207031250 0.246093750 0.300781250 0.312500000 0.292968750 
0.378906250 0.617187500 1.957031250 2.445312500 1.632812500 2.195312500 0.984375000 1.363281250 0.890625000 1.527343750 1.199218750 0.632812500 1.671875000 2.281250000 1.460937500 0.820312500 0.285156250 0.210937500 0.148437500 0.128906250 0.078125000 0.117187500 0.199218750 0.300781250 0.351562500 0.394531250 0.289062500 0.304687500 0.343750000 0.527343750 0.250000000 0.187500000 0.175781250 0.230468750 0.191406250 0.222656250 0.230468750 0.218750000 0.253906250 0.273437500 0.308593750 0.261718750 
0.371093750 0.351562500 1.878906250 2.128906250 1.812500000 2.289062500 0.699218750 0.425781250 0.921875000 1.515625000 0.976562500 0.519531250 1.773437500 2.261718750 1.242187500 0.429687500 0.222656250 0.210937500 0.109375000 0.109375000 0.074218750 0.113281250 0.164062500 0.320312500 0.347656250 0.285156250 0.300781250 0.292968750 0.375000000 0.535156250 0.214843750 0.234375000 0.179687500 0.175781250 0.230468750 0.257812500 0.238281250 0.191406250 0.265625000 0.285156250 0.300781250 0.265625000 
0.156250000 0.628906250 1.425781250 1.945312500 1.597656250 1.730468750 0.671875000 0.433593750 0.968750000 1.582031250 0.941406250 0.515625000 1.765625000 1.863281250 0.910156250 0.792968750 0.589843750 0.281250000 0.300781250 0.277343750 0.289062500 0.218750000 0.261718750 0.316406250 0.343750000 0.253906250 0.281250000 0.292968750 0.402343750 0.484375000 0.281250000 0.324218750 0.273437500 0.210937500 0.238281250 0.285156250 0.355468750 0.253906250 0.300781250 0.394531250 0.410156250 0.339843750 
0.132812500 0.757812500 1.597656250 1.882812500 1.445312500 1.761718750 0.648437500 0.777343750 1.199218750 1.382812500 0.867187500 0.382812500 1.382812500 1.335937500 0.992187500 0.417968750 0.292968750 0.179687500 0.113281250 0.136718750 0.117187500 0.105468750 0.175781250 0.207031250 0.210937500 0.199218750 0.195312500 0.222656250 0.410156250 0.476562500 0.207031250 0.199218750 0.164062500 0.187500000 0.234375000 0.242187500 0.214843750 0.167968750 0.214843750 0.246093750 0.285156250 0.273437500 
0.281250000 0.582031250 1.601562500 1.382812500 0.656250000 1.085937500 0.449218750 0.957031250 1.289062500 1.699218750 0.847656250 0.199218750 0.542968750 0.867187500 1.000000000 0.355468750 0.234375000 0.160156250 0.156250000 0.136718750 0.148437500 0.148437500 0.210937500 0.261718750 0.277343750 0.210937500 0.164062500 0.203125000 0.316406250 0.246093750 0.195312500 0.164062500 0.167968750 0.195312500 0.257812500 0.265625000 0.210937500 0.207031250 0.246093750 0.253906250 0.285156250 0.324218750 
0.453125000 0.562500000 0.695312500 1.042968750 0.339843750 0.710937500 0.648437500 1.101562500 1.285156250 1.277343750 0.683593750 0.324218750 0.625000000 1.371093750 1.339843750 0.347656250 0.167968750 0.085937500 0.097656250 0.054687500 0.085937500 0.062500000 0.148437500 0.195312500 0.214843750 0.171875000 0.167968750 0.136718750 0.238281250 0.218750000 0.171875000 0.175781250 0.132812500 0.140625000 0.203125000 0.195312500 0.242187500 0.199218750 0.246093750 0.234375000 0.230468750 0.312500000 
0.218750000 0.335937500 0.742187500 0.687500000 0.191406250 0.332031250 0.449218750 1.164062500 0.933593750 1.054687500 0.402343750 0.347656250 0.617187500 1.339843750 1.351562500 0.191406250 0.140625000 0.113281250 0.121093750 0.089843750 0.082031250 0.066406250 0.125000000 0.125000000 0.199218750 0.203125000 0.160156250 0.152343750 0.230468750 0.167968750 0.187500000 0.164062500 0.152343750 0.125000000 0.136718750 0.199218750 0.230468750 0.203125000 0.218750000 0.238281250 0.265625000 0.304687500 
0.089843750 0.113281250 0.351562500 0.445312500 0.199218750 0.218750000 0.453125000 1.011718750 0.667968750 0.941406250 0.378906250 0.218750000 0.652343750 1.742187500 1.281250000 0.296875000 0.171875000 0.105468750 0.093750000 0.128906250 0.105468750 0.132812500 0.128906250 0.136718750 0.164062500 0.210937500 0.179687500 0.144531250 0.218750000 0.179687500 0.164062500 0.156250000 0.125000000 0.132812500 0.214843750 0.214843750 0.265625000 0.195312500 0.207031250 0.226562500 0.316406250 0.316406250 
0.312500000 0.492187500 0.593750000 0.613281250 0.445312500 0.292968750 0.605468750 1.121093750 0.695312500 0.691406250 0.402343750 0.296875000 0.910156250 1.699218750 1.007812500 0.265625000 0.136718750 0.183593750 0.140625000 0.167968750 0.121093750 0.144531250 0.210937500 0.375000000 0.664062500 0.597656250 0.480468750 0.417968750 0.324218750 0.179687500 0.175781250 0.261718750 0.175781250 0.160156250 0.304687500 0.246093750 0.222656250 0.234375000 0.160156250 0.210937500 0.328125000 0.292968750 
1.558593750 3.015625000 2.777343750 1.585937500 1.023437500 0.695312500 1.359375000 2.281250000 1.992187500 0.859375000 0.343750000 0.324218750 0.722656250 1.593750000 1.015625000 0.285156250 0.136718750 0.187500000 0.175781250 0.140625000 0.273437500 0.210937500 0.242187500 0.480468750 1.000000000 1.667968750 0.511718750 0.679687500 0.394531250 0.328125000 0.277343750 0.593750000 0.371093750 0.207031250 0.351562500 0.246093750 0.277343750 0.289062500 0.226562500 0.210937500 0.328125000 0.269531250 
1.035156250 4.566406250 2.328125000 0.898437500 0.597656250 0.632812500 1.613281250 1.992187500 1.933593750 0.800781250 0.414062500 0.269531250 0.757812500 1.125000000 0.976562500 0.328125000 0.222656250 0.148437500 0.179687500 0.199218750 0.386718750 0.425781250 0.421875000 1.007812500 1.816406250 2.089843750 1.250000000 1.105468750 0.546875000 0.546875000 0.636718750 1.011718750 0.398437500 0.308593750 0.359375000 0.285156250 0.324218750 0.406250000 0.222656250 0.261718750 0.320312500 0.246093750 
2.054687500 4.535156250 2.691406250 0.718750000 0.539062500 0.675781250 1.257812500 2.093750000 1.683593750 0.917968750 0.343750000 0.269531250 0.324218750 0.898437500 0.832031250 0.250000000 0.082031250 0.136718750 0.261718750 0.312500000 0.570312500 0.652343750 1.035156250 1.457031250 2.230468750 2.289062500 1.808593750 1.863281250 0.679687500 0.593750000 1.105468750 1.289062500 0.546875000 0.359375000 0.390625000 0.269531250 0.449218750 0.433593750 0.269531250 0.296875000 0.343750000 0.312500000 
1.910156250 3.500000000 2.101562500 0.500000000 0.472656250 0.539062500 0.683593750 0.945312500 0.425781250 0.671875000 0.398437500 0.132812500 0.324218750 0.734375000 0.515625000 0.183593750 0.128906250 0.132812500 0.167968750 0.292968750 0.625000000 0.683593750 1.027343750 1.515625000 2.359375000 3.078125000 1.808593750 1.890625000 0.742187500 0.617187500 1.160156250 1.539062500 0.660156250 0.433593750 0.425781250 0.277343750 0.375000000 0.476562500 0.289062500 0.304687500 0.332031250 0.316406250 
0.691406250 2.308593750 1.105468750 0.515625000 0.464843750 0.679687500 0.851562500 0.378906250 0.492187500 0.664062500 0.304687500 0.058593750 0.320312500 0.820312500 0.527343750 0.343750000 0.218750000 0.199218750 0.230468750 0.324218750 0.542968750 0.707031250 1.128906250 1.351562500 2.539062500 3.203125000 1.566406250 1.867187500 0.625000000 0.507812500 1.007812500 1.660156250 0.695312500 0.406250000 0.402343750 0.257812500 0.410156250 0.468750000 0.234375000 0.226562500 0.375000000 0.371093750 
0.375000000 1.308593750 1.296875000 0.570312500 0.574218750 0.707031250 0.917968750 0.347656250 0.492187500 0.636718750 0.234375000 0.160156250 0.390625000 0.593750000 0.679687500 0.441406250 0.234375000 0.183593750 0.210937500 0.339843750 0.363281250 0.527343750 0.468750000 0.812500000 1.812500000 2.906250000 1.425781250 1.605468750 0.585937500 0.460937500 0.781250000 1.480468750 0.746093750 0.500000000 0.468750000 0.261718750 0.382812500 0.359375000 0.289062500 0.230468750 0.320312500 0.289062500 
0.460937500 0.847656250 0.789062500 0.500000000 0.531250000 0.753906250 0.800781250 0.375000000 0.335937500 0.535156250 0.152343750 0.109375000 0.304687500 0.609375000 0.703125000 0.402343750 0.312500000 0.214843750 0.246093750 0.328125000 0.355468750 0.566406250 0.531250000 0.550781250 1.433593750 1.578125000 0.648437500 1.039062500 0.550781250 0.339843750 0.488281250 0.964843750 0.718750000 0.449218750 0.410156250 0.238281250 0.371093750 0.324218750 0.285156250 0.238281250 0.257812500 0.312500000 
0.203125000 1.089843750 0.609375000 0.417968750 0.910156250 0.433593750 0.414062500 0.347656250 0.355468750 0.425781250 0.167968750 0.089843750 0.292968750 0.441406250 0.460937500 0.347656250 0.320312500 0.203125000 0.257812500 0.320312500 0.367187500 0.312500000 0.441406250 0.597656250 0.683593750 0.980468750 0.578125000 0.671875000 0.531250000 0.332031250 0.363281250 0.539062500 0.414062500 0.281250000 0.363281250 0.257812500 0.296875000 0.289062500 0.335937500 0.253906250 0.242187500 0.265625000 
0.195312500 1.058593750 0.761718750 0.472656250 0.906250000 0.347656250 0.339843750 0.304687500 0.316406250 0.289062500 0.171875000 0.121093750 0.289062500 0.351562500 0.355468750 0.183593750 0.199218750 0.222656250 0.222656250 0.257812500 0.378906250 0.476562500 0.519531250 0.523437500 0.480468750 0.457031250 0.195312500 0.566406250 0.402343750 0.328125000 0.277343750 0.371093750 0.296875000 0.257812500 0.335937500 0.238281250 0.238281250 0.285156250 0.316406250 0.234375000 0.175781250 0.230468750 
0.171875000 0.992187500 0.773437500 0.425781250 0.718750000 0.515625000 0.281250000 0.238281250 0.281250000 0.312500000 0.132812500 0.125000000 0.175781250 0.210937500 0.386718750 0.128906250 0.125000000 0.167968750 0.160156250 0.234375000 0.378906250 0.433593750 0.585937500 0.511718750 0.339843750 0.449218750 0.230468750 0.468750000 0.371093750 0.308593750 0.242187500 0.347656250 0.222656250 0.257812500 0.250000000 0.226562500 0.214843750 0.277343750 0.332031250 0.207031250 0.214843750 0.277343750 
0.175781250 0.738281250 0.683593750 0.433593750 0.714843750 0.808593750 0.285156250 0.234375000 0.175781250 0.144531250 0.148437500 0.156250000 0.179687500 0.191406250 0.300781250 0.105468750 0.121093750 0.128906250 0.113281250 0.242187500 0.269531250 0.468750000 0.468750000 0.371093750 0.332031250 0.375000000 0.191406250 0.355468750 0.289062500 0.253906250 0.187500000 0.238281250 0.203125000 0.230468750 0.257812500 0.234375000 0.207031250 0.226562500 0.269531250 0.214843750 0.210937500 0.226562500 
0.207031250 0.664062500 0.472656250 0.421875000 1.304687500 0.933593750 0.359375000 0.234375000 0.214843750 0.199218750 0.128906250 0.089843750 0.105468750 0.207031250 0.281250000 0.148437500 0.128906250 0.125000000 0.089843750 0.230468750 0.238281250 0.390625000 0.406250000 0.273437500 0.324218750 0.324218750 0.250000000 0.191406250 0.226562500 0.257812500 0.179687500 0.187500000 0.210937500 0.250000000 0.292968750 0.285156250 0.234375000 0.234375000 0.238281250 0.144531250 0.195312500 0.234375000 
0.136718750 0.484375000 0.437500000 0.511718750 1.390625000 0.882812500 0.371093750 0.199218750 0.210937500 0.234375000 0.152343750 0.121093750 0.125000000 0.156250000 0.187500000 0.132812500 0.074218750 0.085937500 0.175781250 0.257812500 0.187500000 0.308593750 0.281250000 0.203125000 0.292968750 0.191406250 0.152343750 0.222656250 0.156250000 0.171875000 0.148437500 0.179687500 0.207031250 0.203125000 0.218750000 0.246093750 0.218750000 0.183593750 0.222656250 0.132812500 0.195312500 0.183593750 
0.136718750 0.453125000 0.425781250 0.515625000 1.289062500 0.929687500 0.214843750 0.066406250 0.148437500 0.222656250 0.117187500 0.042968750 0.058593750 0.175781250 0.195312500 0.128906250 0.097656250 0.058593750 0.109375000 0.167968750 0.160156250 0.175781250 0.269531250 0.183593750 0.226562500 0.199218750 0.140625000 0.164062500 0.183593750 0.203125000 0.171875000 0.164062500 0.207031250 0.195312500 0.195312500 0.226562500 0.187500000 0.187500000 0.222656250 0.156250000 0.136718750 0.156250000 
0.148437500 0.464843750 0.355468750 0.289062500 0.601562500 0.605468750 0.328125000 0.187500000 0.191406250 0.320312500 0.136718750 0.101562500 0.136718750 0.175781250 0.164062500 0.125000000 0.128906250 0.054687500 0.109375000 0.183593750 0.160156250 0.097656250 0.199218750 0.136718750 0.136718750 0.226562500 0.097656250 0.199218750 0.175781250 0.234375000 0.132812500 0.148437500 0.179687500 0.125000000 0.191406250 0.160156250 0.156250000 0.179687500 0.269531250 0.199218750 0.125000000 0.152343750 
0.152343750 0.390625000 0.285156250 0.222656250 0.375000000 0.289062500 0.214843750 0.128906250 0.054687500 0.058593750 0.078125000 0.054687500 0.085937500 0.140625000 0.156250000 0.132812500 0.136718750 0.085937500 0.109375000 0.136718750 0.160156250 0.093750000 0.152343750 0.117187500 0.121093750 0.250000000 0.125000000 0.179687500 0.199218750 0.199218750 0.097656250 0.113281250 0.175781250 0.097656250 0.132812500 0.171875000 0.136718750 0.171875000 0.195312500 0.171875000 0.109375000 0.156250000 
0.085937500 0.300781250 0.199218750 0.179687500 0.347656250 0.136718750 0.160156250 0.070312500 0.074218750 0.136718750 0.089843750 0.070312500 0.074218750 0.140625000 0.199218750 0.089843750 0.132812500 0.105468750 0.113281250 0.128906250 0.121093750 0.109375000 0.078125000 0.101562500 0.117187500 0.187500000 0.113281250 0.160156250 0.175781250 0.164062500 0.085937500 0.164062500 0.191406250 0.105468750 0.117187500 0.093750000 0.097656250 0.097656250 0.156250000 0.144531250 0.117187500 0.140625000 
0.105468750 0.257812500 0.144531250 0.199218750 0.300781250 0.082031250 0.140625000 0.046875000 0.035156250 0.132812500 0.062500000 0.039062500 0.074218750 0.117187500 0.203125000 0.109375000 0.082031250 0.121093750 0.101562500 0.105468750 0.082031250 0.121093750 0.105468750 0.121093750 0.148437500 0.152343750 0.152343750 0.136718750 0.148437500 0.152343750 0.097656250 0.183593750 0.210937500 0.125000000 0.113281250 0.140625000 0.101562500 0.089843750 0.164062500 0.140625000 0.101562500 0.113281250 
0.046875000 0.136718750 0.062500000 0.113281250 0.226562500 0.089843750 0.136718750 0.066406250 0.050781250 0.125000000 0.105468750 0.097656250 0.054687500 0.113281250 0.167968750 0.105468750 0.082031250 0.097656250 0.109375000 0.082031250 0.093750000 0.113281250 0.078125000 0.113281250 0.148437500 0.152343750 0.125000000 0.117187500 0.093750000 0.121093750 0.121093750 0.187500000 0.199218750 0.152343750 0.128906250 0.132812500 0.109375000 0.082031250 0.125000000 0.121093750 0.109375000 0.128906250 
0.019531250 0.101562500 0.050781250 0.097656250 0.132812500 0.070312500 0.097656250 0.050781250 0.074218750 0.074218750 0.078125000 0.082031250 0.097656250 0.125000000 0.125000000 0.109375000 0.085937500 0.113281250 0.085937500 0.054687500 0.093750000 0.109375000 0.097656250 0.117187500 0.105468750 0.101562500 0.105468750 0.113281250 0.074218750 0.074218750 0.093750000 0.128906250 0.183593750 0.140625000 0.089843750 0.125000000 0.097656250 0.125000000 0.125000000 0.097656250 0.066406250 0.113281250 
0.039062500 0.089843750 0.074218750 0.113281250 0.101562500 0.082031250 0.078125000 0.042968750 0.058593750 0.062500000 0.070312500 0.062500000 0.082031250 0.097656250 0.109375000 0.078125000 0.078125000 0.085937500 0.058593750 0.027343750 0.066406250 0.058593750 0.058593750 0.066406250 0.054687500 0.066406250 0.062500000 0.101562500 0.054687500 0.027343750 0.089843750 0.066406250 0.058593750 0.085937500 0.058593750 0.042968750 0.050781250 0.097656250 0.082031250 0.070312500 0.035156250 0.078125000 
0.058593750 0.054687500 0.070312500 0.070312500 0.070312500 0.062500000 0.046875000 0.027343750 0.011718750 0.000000000 0.007812500 0.031250000 0.066406250 0.093750000 0.093750000 0.070312500 0.066406250 0.074218750 0.050781250 0.011718750 0.046875000 0.035156250 0.046875000 0.050781250 0.015625000 0.035156250 0.015625000 0.062500000 0.011718750 0.011718750 0.046875000 0.019531250 0.039062500 0.027343750 0.023437500 0.015625000 0.000000000 0.078125000 0.074218750 0.003906250 0.000000000 0.062500000 
0.000000000 0.000000000 0.000000000 0.000000000 0.000000000 0.000000000 0.000000000 0.000000000 0.000000000 0.000000000 0.000000000 0.000000000 0.000000000 0.000000000 0.000000000 0.000000000 0.000000000 0.000000000 0.000000000 0.000000000 0.000000000 0.000000000 0.000000000 0.000000000 0.000000000 0.000000000 0.000000000 0.000000000 0.000000000 0.000000000 0.000000000 0.000000000 0.000000000 0.000000000 0.000000000 0.000000000 0.000000000 0.000000000 0.000000000 0.000000000 0.000000000 0.000000000 
0.000000000 0.000000000 0.000000000 0.000000000 0.000000000 0.000000000 0.000000000 0.000000000 0.000000000 0.000000000 0.000000000 0.000000000 0.000000000 0.000000000 0.000000000 0.000000000 0.000000000 0.000000000 0.000000000 0.000000000 0.000000000 0.000000000 0.000000000 0.000000000 0.000000000 0.000000000 0.000000000 0.000000000 0.000000000 0.000000000 0.000000000 0.000000000 0.000000000 0.000000000 0.000000000 0.000000000 0.000000000 0.000000000 0.000000000 0.000000000 0.000000000 0.000000000 
0.000000000 0.000000000 0.000000000 0.000000000 0.000000000 0.000000000 0.000000000 0.000000000 0.000000000 0.000000000 0.000000000 0.000000000 0.000000000 0.000000000 0.000000000 0.000000000 0.000000000 0.000000000 0.000000000 0.000000000 0.000000000 0.000000000 0.000000000 0.000000000 0.000000000 0.000000000 0.000000000 0.000000000 0.000000000 0.000000000 0.000000000 0.000000000 0.000000000 0.000000000 0.000000000 0.000000000 0.000000000 0.000000000 0.000000000 0.000000000 0.000000000 0.000000000 
0.000000000 0.000000000 0.000000000 0.000000000 0.000000000 0.000000000 0.000000000 0.000000000 0.000000000 0.000000000 0.000000000 0.000000000 0.000000000 0.000000000 0.000000000 0.000000000 0.000000000 0.000000000 0.000000000 0.000000000 0.000000000 0.000000000 0.000000000 0.000000000 0.000000000 0.000000000 0.000000000 0.000000000 0.000000000 0.000000000 0.000000000 0.000000000 0.000000000 0.000000000 0.000000000 0.000000000 0.000000000 0.000000000 0.000000000 0.000000000 0.000000000 0.000000000 
0.000000000 0.000000000 0.000000000 0.000000000 0.000000000 0.000000000 0.000000000 0.000000000 0.000000000 0.000000000 0.000000000 0.000000000 0.000000000 0.000000000 0.000000000 0.000000000 0.000000000 0.000000000 0.000000000 0.000000000 0.000000000 0.000000000 0.000000000 0.000000000 0.000000000 0.000000000 0.000000000 0.000000000 0.000000000 0.000000000 0.000000000 0.000000000 0.000000000 0.000000000 0.000000000 0.000000000 0.000000000 0.000000000 0.000000000 0.000000000 0.000000000 0.000000000 
0.000000000 0.000000000 0.000000000 0.000000000 0.000000000 0.000000000 0.000000000 0.000000000 0.000000000 0.000000000 0.000000000 0.000000000 0.000000000 0.000000000 0.000000000 0.000000000 0.000000000 0.000000000 0.000000000 0.000000000 0.000000000 0.000000000 0.000000000 0.000000000 0.000000000 0.000000000 0.000000000 0.000000000 0.000000000 0.000000000 0.000000000 0.000000000 0.000000000 0.000000000 0.000000000 0.000000000 0.000000000 0.000000000 0.000000000 0.000000000 0.000000000 0.000000000 
0.000000000 0.000000000 0.000000000 0.000000000 0.000000000 0.000000000 0.000000000 0.000000000 0.000000000 0.000000000 0.000000000 0.000000000 0.000000000 0.000000000 0.000000000 0.000000000 0.000000000 0.000000000 0.000000000 0.000000000 0.000000000 0.000000000 0.000000000 0.000000000 0.000000000 0.000000000 0.000000000 0.000000000 0.000000000 0.000000000 0.000000000 0.000000000 0.000000000 0.000000000 0.000000000 0.000000000 0.000000000 0.000000000 0.000000000 0.000000000 0.000000000 0.000000000 
0.000000000 0.000000000 0.000000000 0.000000000 0.000000000 0.000000000 0.000000000 0.000000000 0.000000000 0.000000000 0.000000000 0.000000000 0.000000000 0.000000000 0.000000000 0.000000000 0.000000000 0.000000000 0.000000000 0.000000000 0.000000000 0.000000000 0.000000000 0.000000000 0.000000000 0.000000000 0.000000000 0.000000000 0.000000000 0.000000000 0.000000000 0.000000000 0.000000000 0.000000000 0.000000000 0.000000000 0.000000000 0.000000000 0.000000000 0.000000000 0.000000000 0.000000000 
0.000000000 0.000000000 0.000000000 0.000000000 0.000000000 0.000000000 0.000000000 0.000000000 0.000000000 0.000000000 0.000000000 0.000000000 0.000000000 0.000000000 0.000000000 0.000000000 0.000000000 0.000000000 0.000000000 0.000000000 0.000000000 0.000000000 0.000000000 0.000000000 0.000000000 0.000000000 0.000000000 0.000000000 0.000000000 0.000000000 0.000000000 0.000000000 0.000000000 0.000000000 0.000000000 0.000000000 0.000000000 0.000000000 0.000000000 0.000000000 0.000000000 0.000000000 
0.000000000 0.000000000 0.000000000 0.000000000 0.000000000 0.000000000 0.000000000 0.000000000 0.000000000 0.000000000 0.000000000 0.000000000 0.000000000 0.000000000 0.000000000 0.000000000 0.000000000 0.000000000 0.000000000 0.000000000 0.000000000 0.000000000 0.000000000 0.000000000 0.000000000 0.000000000 0.000000000 0.000000000 0.000000000 0.000000000 0.000000000 0.000000000 0.000000000 0.000000000 0.000000000 0.000000000 0.000000000 0.000000000 0.000000000 0.000000000 0.000000000 0.000000000 
0.000000000 0.000000000 0.000000000 0.000000000 0.000000000 0.000000000 0.000000000 0.000000000 0.000000000 0.000000000 0.000000000 0.000000000 0.000000000 0.000000000 0.000000000 0.000000000 0.000000000 0.000000000 0.000000000 0.000000000 0.000000000 0.000000000 0.000000000 0.000000000 0.000000000 0.000000000 0.000000000 0.000000000 0.000000000 0.000000000 0.000000000 0.000000000 0.000000000 0.000000000 0.000000000 0.000000000 0.000000000 0.000000000 0.000000000 0.000000000 0.000000000 0.000000000 
0.000000000 0.000000000 0.000000000 0.000000000 0.000000000 0.000000000 0.000000000 0.000000000 0.000000000 0.000000000 0.000000000 0.000000000 0.000000000 0.000000000 0.000000000 0.000000000 0.000000000 0.000000000 0.000000000 0.000000000 0.000000000 0.000000000 0.000000000 0.000000000 0.000000000 0.000000000 0.000000000 0.000000000 0.000000000 0.000000000 0.000000000 0.000000000 0.000000000 0.000000000 0.000000000 0.000000000 0.000000000 0.000000000 0.000000000 0.000000000 0.000000000 0.000000000 
0.000000000 0.000000000 0.000000000 0.000000000 0.000000000 0.000000000 0.000000000 0.000000000 0.000000000 0.000000000 0.000000000 0.000000000 0.000000000 0.000000000 0.000000000 0.000000000 0.000000000 0.000000000 0.000000000 0.000000000 0.000000000 0.000000000 0.000000000 0.000000000 0.000000000 0.000000000 0.000000000 0.000000000 0.000000000 0.000000000 0.000000000 0.000000000 0.000000000 0.000000000 0.000000000 0.000000000 0.000000000 0.000000000 0.000000000 0.000000000 0.000000000 0.000000000 
