0.625000000 0.265625000 0.390625000 0.214843750 0.160156250 0.066406250 0.109375000 0.136718750 0.085937500 0.164062500 0.117187500 0.148437500 0.121093750 0.132812500 0.140625000 0.074218750 0.070312500 0.082031250 0.125000000 0.125000000 0.156250000 0.085937500 0.066406250 0.089843750 0.164062500 0.109375000 0.101562500 0.113281250 0.066406250 0.085937500 0.078125000 0.105468750 0.117187500 0.089843750 0.117187500 0.164062500 0.089843750 0.105468750 0.101562500 0.082031250 0.078125000 0.101562500 
0.289062500 0.175781250 0.332031250 0.226562500 0.160156250 0.066406250 0.109375000 0.171875000 0.113281250 0.105468750 0.125000000 0.136718750 0.109375000 0.093750000 0.101562500 0.160156250 0.148437500 0.089843750 0.113281250 0.101562500 0.105468750 0.117187500 0.125000000 0.070312500 0.082031250 0.093750000 0.117187500 0.085937500 0.078125000 0.078125000 0.093750000 0.085937500 0.066406250 0.058593750 0.078125000 0.097656250 0.082031250 0.093750000 0.085937500 0.070312500 0.050781250 0.085937500 
0.160156250 0.285156250 0.250000000 0.246093750 0.109375000 0.152343750 0.093750000 0.128906250 0.093750000 0.085937500 0.121093750 0.105468750 0.097656250 0.109375000 0.117187500 0.171875000 0.113281250 0.117187500 0.097656250 0.105468750 0.097656250 0.117187500 0.128906250 0.070312500 0.097656250 0.082031250 0.101562500 0.097656250 0.089843750 0.078125000 0.101562500 0.101562500 0.062500000 0.066406250 0.062500000 0.078125000 0.085937500 0.109375000 0.093750000 0.085937500 0.058593750 0.046875000 
0.195312500 0.218750000 0.308593750 0.117187500 0.125000000 0.136718750 0.101562500 0.214843750 0.089843750 0.074218750 0.101562500 0.113281250 0.128906250 0.160156250 0.117187500 0.164062500 0.128906250 0.128906250 0.105468750 0.144531250 0.109375000 0.171875000 0.152343750 0.078125000 0.121093750 0.085937500 0.125000000 0.105468750 0.093750000 0.097656250 0.109375000 0.085937500 0.105468750 0.062500000 0.082031250 0.085937500 0.105468750 0.140625000 0.109375000 0.105468750 0.105468750 0.128906250 
0.230468750 0.226562500 0.332031250 0.179687500 0.101562500 0.125000000 0.148437500 0.171875000 0.125000000 0.058593750 0.132812500 0.144531250 0.132812500 0.164062500 0.101562500 0.140625000 0.117187500 0.109375000 0.085937500 0.113281250 0.101562500 0.136718750 0.105468750 0.082031250 0.140625000 0.082031250 0.082031250 0.117187500 0.101562500 0.097656250 0.125000000 0.144531250 0.128906250 0.070312500 0.113281250 0.105468750 0.132812500 0.121093750 0.113281250 0.117187500 0.109375000 0.117187500 
0.304687500 0.226562500 0.351562500 0.210937500 0.109375000 0.105468750 0.121093750 0.207031250 0.136718750 0.101562500 0.105468750 0.148437500 0.113281250 0.136718750 0.082031250 0.113281250 0.121093750 0.132812500 0.148437500 0.125000000 0.082031250 0.128906250 0.085937500 0.066406250 0.156250000 0.113281250 0.121093750 0.093750000 0.093750000 0.101562500 0.125000000 0.179687500 0.175781250 0.109375000 0.160156250 0.125000000 0.128906250 0.121093750 0.125000000 0.117187500 0.148437500 0.148437500 
0.488281250 0.351562500 0.242187500 0.183593750 0.113281250 0.117187500 0.132812500 0.160156250 0.085937500 0.125000000 0.101562500 0.101562500 0.078125000 0.101562500 0.066406250 0.070312500 0.125000000 0.148437500 0.128906250 0.117187500 0.093750000 0.089843750 0.082031250 0.074218750 0.093750000 0.097656250 0.078125000 0.117187500 0.136718750 0.152343750 0.164062500 0.226562500 0.304687500 0.625000000 0.492187500 0.253906250 0.300781250 0.210937500 0.218750000 0.121093750 0.187500000 0.175781250 
0.578125000 0.421875000 0.210937500 0.148437500 0.082031250 0.082031250 0.101562500 0.113281250 0.105468750 0.074218750 0.125000000 0.089843750 0.136718750 0.097656250 0.066406250 0.078125000 0.085937500 0.140625000 0.132812500 0.125000000 0.089843750 0.093750000 0.097656250 0.089843750 0.074218750 0.128906250 0.101562500 0.125000000 0.160156250 0.179687500 0.199218750 0.261718750 0.363281250 0.648437500 0.535156250 0.296875000 0.347656250 0.320312500 0.359375000 0.191406250 0.230468750 0.242187500 
0.695312500 0.468750000 0.367187500 0.105468750 0.085937500 0.101562500 0.117187500 0.117187500 0.109375000 0.156250000 0.144531250 0.101562500 0.164062500 0.113281250 0.058593750 0.074218750 0.078125000 0.074218750 0.085937500 0.082031250 0.074218750 0.074218750 0.097656250 0.089843750 0.101562500 0.132812500 0.117187500 0.167968750 0.175781250 0.214843750 0.238281250 0.269531250 0.367187500 0.671875000 0.527343750 0.324218750 0.339843750 0.339843750 0.394531250 0.226562500 0.238281250 0.246093750 
0.730468750 0.496093750 0.312500000 0.136718750 0.066406250 0.113281250 0.128906250 0.140625000 0.097656250 0.164062500 0.121093750 0.117187500 0.218750000 0.117187500 0.058593750 0.085937500 0.070312500 0.066406250 0.105468750 0.093750000 0.097656250 0.113281250 0.101562500 0.113281250 0.089843750 0.136718750 0.144531250 0.164062500 0.136718750 0.207031250 0.234375000 0.257812500 0.375000000 0.445312500 0.429687500 0.304687500 0.292968750 0.417968750 0.457031250 0.312500000 0.289062500 0.289062500 
0.617187500 0.339843750 0.238281250 0.179687500 0.160156250 0.164062500 0.117187500 0.187500000 0.097656250 0.183593750 0.097656250 0.113281250 0.125000000 0.105468750 0.035156250 0.093750000 0.070312500 0.062500000 0.054687500 0.070312500 0.066406250 0.097656250 0.105468750 0.089843750 0.101562500 0.121093750 0.128906250 0.156250000 0.140625000 0.179687500 0.207031250 0.136718750 0.187500000 0.183593750 0.179687500 0.199218750 0.195312500 0.296875000 0.335937500 0.304687500 0.226562500 0.226562500 
0.519531250 0.386718750 0.230468750 0.125000000 0.117187500 0.132812500 0.171875000 0.253906250 0.132812500 0.113281250 0.089843750 0.097656250 0.117187500 0.101562500 0.089843750 0.132812500 0.117187500 0.058593750 0.054687500 0.097656250 0.093750000 0.105468750 0.082031250 0.121093750 0.097656250 0.085937500 0.089843750 0.101562500 0.160156250 0.179687500 0.203125000 0.152343750 0.191406250 0.167968750 0.171875000 0.167968750 0.171875000 0.253906250 0.328125000 0.308593750 0.222656250 0.214843750 
0.281250000 0.320312500 0.277343750 0.148437500 0.105468750 0.121093750 0.132812500 0.332031250 0.164062500 0.164062500 0.082031250 0.148437500 0.109375000 0.093750000 0.074218750 0.132812500 0.144531250 0.085937500 0.066406250 0.085937500 0.089843750 0.078125000 0.105468750 0.140625000 0.140625000 0.136718750 0.113281250 0.152343750 0.195312500 0.144531250 0.144531250 0.132812500 0.167968750 0.152343750 0.156250000 0.125000000 0.093750000 0.136718750 0.136718750 0.179687500 0.164062500 0.179687500 
0.519531250 0.328125000 0.183593750 0.117187500 0.074218750 0.117187500 0.167968750 0.304687500 0.121093750 0.207031250 0.109375000 0.132812500 0.101562500 0.101562500 0.101562500 0.207031250 0.144531250 0.093750000 0.078125000 0.085937500 0.121093750 0.097656250 0.082031250 0.121093750 0.113281250 0.125000000 0.136718750 0.117187500 0.144531250 0.085937500 0.113281250 0.121093750 0.148437500 0.152343750 0.179687500 0.144531250 0.121093750 0.167968750 0.136718750 0.195312500 0.175781250 0.171875000 
0.457031250 0.308593750 0.191406250 0.179687500 0.093750000 0.160156250 0.167968750 0.253906250 0.097656250 0.195312500 0.082031250 0.156250000 0.117187500 0.089843750 0.082031250 0.167968750 0.140625000 0.136718750 0.109375000 0.074218750 0.089843750 0.097656250 0.109375000 0.078125000 0.085937500 0.113281250 0.136718750 0.097656250 0.093750000 0.085937500 0.085937500 0.105468750 0.085937500 0.132812500 0.160156250 0.117187500 0.125000000 0.117187500 0.109375000 0.152343750 0.156250000 0.140625000 
0.570312500 0.328125000 0.191406250 0.148437500 0.171875000 0.199218750 0.132812500 0.285156250 0.128906250 0.187500000 0.109375000 0.136718750 0.132812500 0.125000000 0.093750000 0.195312500 0.125000000 0.148437500 0.117187500 0.050781250 0.105468750 0.132812500 0.101562500 0.132812500 0.113281250 0.101562500 0.109375000 0.109375000 0.097656250 0.082031250 0.101562500 0.097656250 0.109375000 0.128906250 0.160156250 0.105468750 0.167968750 0.152343750 0.128906250 0.148437500 0.175781250 0.179687500 
0.402343750 0.214843750 0.312500000 0.140625000 0.191406250 0.269531250 0.171875000 0.214843750 0.187500000 0.144531250 0.136718750 0.148437500 0.117187500 0.128906250 0.136718750 0.136718750 0.144531250 0.164062500 0.121093750 0.082031250 0.105468750 0.089843750 0.125000000 0.140625000 0.109375000 0.093750000 0.089843750 0.113281250 0.117187500 0.082031250 0.132812500 0.097656250 0.113281250 0.121093750 0.160156250 0.144531250 0.148437500 0.183593750 0.117187500 0.152343750 0.183593750 0.183593750 
0.691406250 0.355468750 0.406250000 0.605468750 0.820312500 1.023437500 0.625000000 0.460937500 0.484375000 0.296875000 0.179687500 0.187500000 0.199218750 0.105468750 0.171875000 0.210937500 0.152343750 0.167968750 0.136718750 0.105468750 0.109375000 0.105468750 0.117187500 0.179687500 0.093750000 0.105468750 0.113281250 0.148437500 0.128906250 0.113281250 0.148437500 0.113281250 0.164062500 0.148437500 0.179687500 0.144531250 0.250000000 0.187500000 0.148437500 0.144531250 0.183593750 0.226562500 
1.382812500 0.507812500 2.304687500 5.722656250 7.777343750 3.726562500 1.351562500 1.796875000 2.832031250 1.628906250 0.773437500 0.910156250 0.667968750 0.675781250 0.648437500 0.609375000 0.480468750 0.554687500 0.472656250 0.429687500 0.460937500 0.433593750 0.343750000 0.324218750 0.363281250 0.359375000 0.390625000 0.406250000 0.421875000 0.343750000 0.363281250 0.355468750 0.382812500 0.378906250 0.371093750 0.398437500 0.429687500 0.386718750 0.355468750 0.375000000 0.382812500 0.453125000 
1.652343750 0.851562500 2.839843750 8.757812500 14.625000000 5.484375000 3.945312500 5.187500000 4.960937500 0.925781250 0.394531250 0.562500000 0.457031250 0.320312500 0.250000000 0.312500000 0.214843750 0.253906250 0.371093750 0.281250000 0.308593750 0.242187500 0.238281250 0.218750000 0.238281250 0.164062500 0.191406250 0.179687500 0.222656250 0.218750000 0.226562500 0.222656250 0.265625000 0.246093750 0.300781250 0.296875000 0.285156250 0.242187500 0.292968750 0.296875000 0.324218750 0.343750000 
0.996093750 1.257812500 3.144531250 8.980468750 16.984375000 2.066406250 3.308593750 3.984375000 7.507812500 1.832031250 1.414062500 1.281250000 1.023437500 1.132812500 0.925781250 0.847656250 0.890625000 0.910156250 0.878906250 0.683593750 0.656250000 0.734375000 0.722656250 0.679687500 0.675781250 0.652343750 0.605468750 0.550781250 0.546875000 0.605468750 0.609375000 0.578125000 0.625000000 0.578125000 0.625000000 0.687500000 0.617187500 0.585937500 0.660156250 0.765625000 0.761718750 0.812500000 
0.679687500 0.628906250 1.671875000 7.218750000 18.683593750 1.796875000 2.593750000 6.433593750 8.878906250 1.824218750 1.035156250 0.781250000 0.386718750 0.460937500 0.433593750 0.414062500 0.367187500 0.367187500 0.449218750 0.332031250 0.296875000 0.343750000 0.339843750 0.277343750 0.328125000 0.234375000 0.253906250 0.320312500 0.234375000 0.242187500 0.230468750 0.300781250 0.324218750 0.285156250 0.253906250 0.343750000 0.320312500 0.289062500 0.312500000 0.421875000 0.457031250 0.339843750 
1.386718750 1.597656250 2.355468750 7.632812500 18.222656250 2.523437500 1.917968750 6.597656250 9.808593750 3.011718750 1.296875000 0.863281250 0.945312500 0.656250000 0.488281250 0.558593750 0.445312500 0.488281250 0.554687500 0.328125000 0.250000000 0.281250000 0.265625000 0.332031250 0.359375000 0.339843750 0.355468750 0.324218750 0.238281250 0.257812500 0.218750000 0.308593750 0.398437500 0.300781250 0.328125000 0.359375000 0.355468750 0.367187500 0.355468750 0.453125000 0.472656250 0.398437500 
1.023437500 0.746093750 1.414062500 8.214843750 17.632812500 3.941406250 1.644531250 7.414062500 9.484375000 3.148437500 1.507812500 1.058593750 0.722656250 0.613281250 0.671875000 0.644531250 0.640625000 0.554687500 0.476562500 0.484375000 0.441406250 0.410156250 0.382812500 0.371093750 0.457031250 0.453125000 0.402343750 0.464843750 0.402343750 0.347656250 0.292968750 0.433593750 0.464843750 0.429687500 0.394531250 0.347656250 0.320312500 0.292968750 0.359375000 0.441406250 0.488281250 0.406250000 
0.562500000 0.625000000 0.941406250 6.632812500 16.109375000 2.695312500 2.402343750 5.277343750 8.347656250 1.710937500 1.031250000 0.890625000 0.625000000 0.554687500 0.531250000 0.441406250 0.449218750 0.335937500 0.261718750 0.199218750 0.312500000 0.292968750 0.218750000 0.289062500 0.238281250 0.289062500 0.265625000 0.265625000 0.253906250 0.203125000 0.261718750 0.253906250 0.433593750 0.386718750 0.433593750 0.304687500 0.363281250 0.390625000 0.402343750 0.316406250 0.460937500 0.433593750 
2.058593750 2.507812500 3.617187500 13.511718750 24.199218750 9.179687500 3.964843750 6.003906250 7.980468750 2.312500000 1.476562500 1.121093750 0.679687500 0.398437500 0.578125000 0.585937500 0.457031250 0.449218750 0.464843750 0.582031250 0.503906250 0.527343750 0.613281250 0.574218750 0.613281250 0.695312500 0.816406250 0.773437500 0.718750000 0.457031250 0.410156250 0.957031250 1.046875000 0.886718750 0.859375000 0.503906250 0.425781250 0.394531250 0.367187500 0.375000000 0.406250000 0.523437500 
0.976562500 1.210937500 1.578125000 10.339843750 27.449218750 10.066406250 14.167968750 15.343750000 26.296875000 17.230468750 6.261718750 1.675781250 2.417968750 2.460937500 1.394531250 1.378906250 1.132812500 1.031250000 0.835937500 1.250000000 1.160156250 1.265625000 1.277343750 1.070312500 1.074218750 1.398437500 1.820312500 2.859375000 1.664062500 1.203125000 1.132812500 1.730468750 1.757812500 1.621093750 1.601562500 1.007812500 0.984375000 0.976562500 1.027343750 1.101562500 1.031250000 1.218750000 
0.878906250 1.460937500 2.917968750 12.695312500 29.285156250 12.300781250 20.437500000 28.949218750 37.886718750 15.339843750 15.195312500 10.207031250 5.250000000 5.589843750 2.882812500 2.378906250 1.261718750 1.183593750 1.277343750 3.273437500 2.816406250 2.269531250 1.625000000 1.246093750 1.476562500 2.062500000 4.601562500 4.765625000 1.785156250 1.343750000 1.683593750 2.261718750 2.039062500 1.558593750 1.585937500 1.074218750 1.210937500 1.164062500 1.082031250 1.234375000 1.187500000 1.335937500 
2.882812500 3.214843750 5.687500000 19.199218750 20.617187500 11.839843750 22.843750000 46.875000000 38.863281250 17.640625000 24.035156250 14.707031250 5.812500000 5.605468750 1.718750000 4.859375000 3.527343750 1.941406250 1.925781250 4.828125000 3.554687500 2.582031250 1.578125000 1.414062500 1.511718750 2.003906250 6.269531250 4.820312500 1.625000000 1.738281250 1.425781250 2.726562500 3.367187500 2.121093750 1.871093750 1.269531250 1.304687500 1.320312500 1.261718750 1.398437500 1.582031250 1.535156250 
0.511718750 1.164062500 3.753906250 17.890625000 12.898437500 13.753906250 11.199218750 48.031250000 32.019531250 15.636718750 32.125000000 10.851562500 8.890625000 6.968750000 1.531250000 6.808593750 2.812500000 1.718750000 3.203125000 5.394531250 3.218750000 3.175781250 2.070312500 1.140625000 1.121093750 2.375000000 7.363281250 4.699218750 1.550781250 1.207031250 1.261718750 2.574218750 3.246093750 1.359375000 1.203125000 0.992187500 1.070312500 1.105468750 1.144531250 1.125000000 1.187500000 1.238281250 
4.164062500 4.746093750 9.195312500 24.359375000 7.437500000 5.105468750 14.031250000 50.148437500 28.480468750 18.437500000 38.960937500 19.132812500 7.484375000 10.441406250 3.789062500 6.996093750 3.878906250 2.640625000 3.015625000 8.605468750 4.015625000 4.496093750 4.023437500 3.304687500 2.785156250 3.375000000 7.882812500 4.054687500 2.972656250 2.863281250 3.203125000 4.855468750 3.558593750 2.714843750 2.933593750 2.804687500 2.824218750 3.035156250 3.015625000 3.027343750 3.234375000 3.421875000 
2.648437500 3.011718750 5.921875000 26.703125000 14.339843750 7.125000000 15.402343750 46.078125000 10.441406250 18.003906250 47.750000000 17.492187500 10.984375000 14.722656250 9.433593750 9.871093750 6.046875000 4.937500000 5.707031250 7.324218750 3.820312500 3.519531250 3.890625000 2.953125000 2.898437500 5.414062500 6.820312500 4.003906250 3.210937500 2.941406250 3.214843750 4.421875000 3.964843750 3.066406250 3.062500000 2.894531250 2.847656250 2.925781250 3.066406250 2.960937500 3.105468750 3.144531250 
0.535156250 2.207031250 2.585937500 25.957031250 13.441406250 4.785156250 10.230468750 43.210937500 6.242187500 13.167968750 46.824218750 7.429687500 9.226562500 8.515625000 3.199218750 7.503906250 2.804687500 3.328125000 6.460937500 7.648437500 3.375000000 2.941406250 3.269531250 1.058593750 0.855468750 3.812500000 5.453125000 2.832031250 1.300781250 1.218750000 1.687500000 3.609375000 2.136718750 0.863281250 0.714843750 0.558593750 0.472656250 0.585937500 0.621093750 0.562500000 0.601562500 0.718750000 
0.621093750 2.257812500 1.976562500 25.906250000 8.667968750 4.390625000 11.109375000 40.554687500 7.726562500 15.078125000 42.046875000 4.082031250 9.839843750 6.203125000 3.328125000 5.691406250 2.937500000 2.105468750 5.730468750 5.152343750 3.054687500 2.898437500 2.093750000 0.742187500 0.859375000 3.019531250 3.832031250 1.984375000 0.996093750 1.246093750 1.734375000 3.351562500 2.222656250 0.753906250 0.687500000 0.687500000 0.664062500 0.699218750 0.761718750 0.757812500 0.843750000 0.972656250 
0.410156250 1.414062500 2.636718750 26.253906250 8.234375000 3.101562500 9.550781250 38.718750000 7.105468750 17.937500000 38.050781250 5.335937500 9.562500000 6.101562500 3.390625000 5.496093750 2.933593750 2.796875000 7.187500000 6.804687500 2.449218750 2.625000000 1.820312500 0.875000000 1.250000000 1.960937500 2.312500000 1.742187500 0.902343750 1.246093750 1.914062500 2.378906250 0.875000000 0.339843750 0.457031250 0.421875000 0.453125000 0.425781250 0.453125000 0.398437500 0.394531250 0.535156250 
1.515625000 1.300781250 1.082031250 25.906250000 8.914062500 4.664062500 9.101562500 39.667968750 12.929687500 19.835937500 35.527343750 8.375000000 10.566406250 7.972656250 4.859375000 6.101562500 4.812500000 3.742187500 10.484375000 6.316406250 1.695312500 2.667968750 2.003906250 1.187500000 1.816406250 1.265625000 2.015625000 1.316406250 0.628906250 1.089843750 2.457031250 1.546875000 0.812500000 0.484375000 0.476562500 0.417968750 0.507812500 0.570312500 0.437500000 0.457031250 0.542968750 0.632812500 
1.964843750 1.894531250 3.750000000 25.792968750 8.621093750 4.640625000 17.515625000 36.722656250 15.449218750 28.441406250 37.664062500 13.351562500 10.855468750 11.949218750 7.238281250 7.453125000 6.644531250 7.406250000 10.992187500 7.214843750 5.257812500 5.253906250 4.621093750 4.382812500 4.964843750 4.378906250 4.125000000 4.371093750 4.097656250 4.093750000 5.136718750 4.093750000 4.074218750 4.035156250 4.105468750 4.175781250 4.199218750 4.261718750 4.453125000 4.558593750 4.621093750 4.937500000 
4.308593750 3.257812500 8.570312500 26.058593750 9.703125000 7.582031250 19.687500000 36.261718750 13.593750000 21.523437500 34.414062500 11.949218750 11.171875000 8.757812500 7.531250000 5.164062500 5.257812500 3.675781250 10.937500000 7.339843750 3.761718750 3.851562500 2.492187500 2.820312500 2.320312500 1.339843750 2.011718750 1.777343750 1.707031250 1.882812500 2.851562500 1.316406250 1.273437500 1.226562500 1.335937500 1.335937500 1.324218750 1.410156250 1.433593750 1.492187500 1.464843750 1.582031250 
1.628906250 1.511718750 2.855468750 26.593750000 13.550781250 9.398437500 22.199218750 37.582031250 14.867187500 23.316406250 28.460937500 7.054687500 8.554687500 5.460937500 3.707031250 7.445312500 5.222656250 5.285156250 10.113281250 6.453125000 1.828125000 2.664062500 2.757812500 2.949218750 1.703125000 0.812500000 0.851562500 1.058593750 0.687500000 1.230468750 1.906250000 0.687500000 0.234375000 0.261718750 0.347656250 0.167968750 0.281250000 0.300781250 0.289062500 0.246093750 0.234375000 0.300781250 
1.933593750 0.914062500 2.378906250 26.148437500 12.777343750 12.648437500 27.285156250 44.226562500 19.636718750 30.601562500 19.855468750 6.750000000 8.812500000 6.726562500 5.777343750 7.246093750 5.968750000 5.664062500 10.816406250 6.750000000 1.546875000 2.605468750 2.519531250 2.343750000 1.203125000 1.167968750 0.859375000 0.976562500 0.765625000 1.160156250 1.652343750 0.730468750 0.546875000 0.652343750 0.613281250 0.503906250 0.566406250 0.585937500 0.605468750 0.507812500 0.601562500 0.617187500 
1.164062500 1.222656250 5.152343750 28.640625000 12.382812500 12.011718750 24.183593750 42.691406250 25.160156250 29.242187500 15.949218750 7.816406250 6.582031250 5.933593750 3.480468750 7.234375000 6.277343750 3.945312500 8.378906250 5.480468750 1.636718750 2.648437500 3.171875000 2.035156250 0.652343750 0.707031250 0.683593750 0.429687500 0.554687500 0.933593750 0.980468750 0.531250000 0.457031250 0.519531250 0.585937500 0.414062500 0.417968750 0.378906250 0.429687500 0.437500000 0.535156250 0.546875000 
3.015625000 1.652343750 2.355468750 28.925781250 9.640625000 11.398437500 16.128906250 48.152343750 20.652343750 19.316406250 21.343750000 6.789062500 7.617187500 7.863281250 4.828125000 7.039062500 6.683593750 5.531250000 8.878906250 5.718750000 1.839843750 2.773437500 4.625000000 2.394531250 1.289062500 1.339843750 1.230468750 0.992187500 1.101562500 1.527343750 0.984375000 0.992187500 1.054687500 1.113281250 1.171875000 1.050781250 1.093750000 1.082031250 1.062500000 1.253906250 1.250000000 1.250000000 
5.433593750 4.089843750 9.277343750 31.929687500 14.144531250 11.714843750 23.578125000 38.066406250 13.320312500 17.316406250 22.988281250 8.308593750 9.265625000 8.480468750 5.160156250 5.937500000 7.300781250 3.640625000 6.906250000 6.042968750 5.179687500 4.675781250 5.761718750 5.335937500 3.753906250 3.566406250 3.542968750 3.453125000 3.273437500 3.289062500 3.085937500 3.210937500 3.164062500 3.156250000 2.941406250 3.097656250 3.144531250 3.125000000 3.246093750 3.484375000 3.542968750 3.753906250 
4.660156250 3.453125000 8.042968750 30.476562500 14.003906250 8.621093750 25.804687500 34.835937500 10.242187500 14.398437500 22.542968750 10.265625000 9.871093750 4.601562500 5.332031250 4.527343750 5.425781250 7.054687500 9.566406250 3.527343750 1.964843750 3.292968750 4.207031250 2.648437500 1.082031250 1.359375000 1.511718750 1.562500000 1.531250000 1.535156250 1.542968750 1.585937500 1.578125000 1.652343750 1.734375000 1.660156250 1.691406250 1.804687500 1.859375000 1.769531250 1.882812500 2.027343750 
2.972656250 2.613281250 4.863281250 28.589843750 15.410156250 9.589843750 23.875000000 30.000000000 8.957031250 14.824218750 20.980468750 6.937500000 8.933593750 3.585937500 3.375000000 2.921875000 3.394531250 4.937500000 9.523437500 3.878906250 2.218750000 3.031250000 3.683593750 2.296875000 0.789062500 0.816406250 0.562500000 0.527343750 0.738281250 0.804687500 0.800781250 0.804687500 0.800781250 0.843750000 0.757812500 0.789062500 0.894531250 0.804687500 0.886718750 0.949218750 0.894531250 1.003906250 
1.593750000 1.187500000 4.382812500 28.167968750 14.593750000 8.878906250 20.074218750 29.851562500 8.933593750 14.113281250 20.429687500 5.273437500 7.871093750 2.894531250 2.378906250 2.218750000 2.406250000 2.773437500 7.777343750 3.910156250 2.730468750 4.082031250 2.859375000 1.890625000 0.746093750 0.496093750 0.468750000 0.664062500 0.542968750 0.609375000 0.589843750 0.535156250 0.601562500 0.644531250 0.574218750 0.464843750 0.464843750 0.527343750 0.593750000 0.738281250 0.566406250 0.691406250 
2.144531250 1.335937500 6.128906250 27.437500000 12.738281250 6.558593750 19.945312500 28.101562500 9.300781250 13.468750000 15.128906250 2.609375000 5.714843750 1.812500000 1.957031250 2.324218750 2.121093750 2.039062500 7.035156250 4.746093750 2.589843750 3.750000000 2.769531250 2.015625000 0.695312500 0.550781250 0.460937500 0.589843750 0.527343750 0.359375000 0.378906250 0.371093750 0.429687500 0.351562500 0.375000000 0.375000000 0.382812500 0.445312500 0.375000000 0.394531250 0.339843750 0.484375000 
1.765625000 2.214843750 4.777343750 26.636718750 12.152343750 8.023437500 19.050781250 24.019531250 5.066406250 11.308593750 11.714843750 1.117187500 5.207031250 2.167968750 1.714843750 2.101562500 1.468750000 1.421875000 5.140625000 3.070312500 1.960937500 3.902343750 3.257812500 1.605468750 0.406250000 0.406250000 0.449218750 0.281250000 0.164062500 0.175781250 0.175781250 0.203125000 0.226562500 0.187500000 0.277343750 0.222656250 0.261718750 0.203125000 0.265625000 0.359375000 0.335937500 0.332031250 
2.394531250 2.167968750 5.886718750 24.367187500 8.164062500 9.921875000 15.855468750 18.343750000 4.781250000 8.863281250 7.351562500 2.535156250 4.746093750 2.246093750 1.085937500 1.464843750 1.285156250 1.406250000 3.453125000 3.402343750 2.593750000 4.996093750 2.945312500 1.066406250 0.636718750 0.679687500 0.757812500 0.671875000 0.605468750 0.519531250 0.582031250 0.574218750 0.617187500 0.554687500 0.640625000 0.527343750 0.558593750 0.636718750 0.617187500 0.648437500 0.781250000 0.613281250 
1.652343750 0.875000000 4.605468750 23.683593750 12.500000000 8.542968750 13.539062500 10.496093750 4.058593750 4.824218750 3.277343750 2.355468750 1.460937500 1.781250000 1.613281250 0.988281250 0.941406250 1.148437500 2.453125000 2.140625000 1.421875000 3.222656250 1.914062500 0.601562500 0.316406250 0.390625000 0.492187500 0.496093750 0.351562500 0.289062500 0.410156250 0.390625000 0.332031250 0.406250000 0.355468750 0.421875000 0.429687500 0.390625000 0.488281250 0.484375000 0.410156250 0.480468750 
4.539062500 4.023437500 7.429687500 22.347656250 16.742187500 7.515625000 9.132812500 2.917968750 4.148437500 4.691406250 3.832031250 1.335937500 1.738281250 1.453125000 1.433593750 1.226562500 1.425781250 1.511718750 1.902343750 1.488281250 1.316406250 2.367187500 1.390625000 1.015625000 0.828125000 0.769531250 0.738281250 0.894531250 0.828125000 0.820312500 0.796875000 0.714843750 0.757812500 0.804687500 0.843750000 0.742187500 0.796875000 0.761718750 0.867187500 0.824218750 0.875000000 1.039062500 
4.058593750 2.933593750 4.039062500 16.843750000 18.496093750 8.085937500 6.250000000 5.175781250 2.902343750 2.437500000 2.722656250 1.964843750 1.574218750 1.433593750 1.253906250 1.113281250 1.105468750 1.011718750 0.890625000 1.398437500 1.292968750 1.417968750 0.734375000 0.691406250 0.804687500 0.804687500 0.898437500 0.808593750 0.824218750 0.832031250 0.738281250 0.804687500 0.773437500 0.789062500 0.871093750 0.832031250 0.890625000 0.941406250 0.937500000 0.992187500 0.921875000 1.140625000 
1.992187500 1.988281250 2.324218750 10.527343750 20.324218750 13.457031250 4.148437500 3.933593750 2.406250000 3.316406250 2.074218750 1.480468750 1.167968750 0.894531250 0.906250000 0.933593750 0.835937500 0.789062500 0.972656250 0.765625000 0.605468750 0.609375000 0.726562500 0.734375000 0.515625000 0.550781250 0.601562500 0.578125000 0.644531250 0.714843750 0.625000000 0.554687500 0.574218750 0.714843750 0.742187500 0.773437500 0.644531250 0.683593750 0.628906250 0.757812500 0.667968750 0.792968750 
3.437500000 2.914062500 3.093750000 7.101562500 15.656250000 12.695312500 5.941406250 4.089843750 3.625000000 3.835937500 1.882812500 1.054687500 1.156250000 0.988281250 0.898437500 0.855468750 0.882812500 0.804687500 0.789062500 0.812500000 0.746093750 0.664062500 0.785156250 0.742187500 0.699218750 0.804687500 0.656250000 0.664062500 0.640625000 0.617187500 0.652343750 0.593750000 0.613281250 0.679687500 0.632812500 0.769531250 0.679687500 0.675781250 0.691406250 0.734375000 0.750000000 0.882812500 
3.289062500 3.355468750 2.410156250 8.277343750 15.226562500 10.277343750 8.324218750 2.652343750 3.906250000 2.980468750 1.273437500 0.820312500 0.921875000 0.429687500 0.234375000 0.246093750 0.210937500 0.304687500 0.632812500 0.500000000 0.210937500 0.355468750 0.378906250 0.363281250 0.414062500 0.250000000 0.191406250 0.226562500 0.214843750 0.250000000 0.261718750 0.199218750 0.207031250 0.226562500 0.304687500 0.425781250 0.332031250 0.257812500 0.281250000 0.347656250 0.417968750 0.375000000 
3.882812500 4.433593750 3.464843750 9.597656250 15.957031250 10.238281250 7.144531250 2.515625000 3.765625000 2.542968750 1.074218750 1.226562500 0.636718750 0.507812500 0.371093750 0.332031250 0.324218750 0.242187500 0.660156250 0.449218750 0.167968750 0.191406250 0.187500000 0.332031250 0.343750000 0.300781250 0.250000000 0.191406250 0.203125000 0.152343750 0.109375000 0.164062500 0.207031250 0.234375000 0.285156250 0.394531250 0.308593750 0.250000000 0.246093750 0.343750000 0.328125000 0.277343750 
3.050781250 3.000000000 3.519531250 8.921875000 15.000000000 12.523437500 4.230468750 2.128906250 2.324218750 2.246093750 0.933593750 1.078125000 0.589843750 0.421875000 0.386718750 0.277343750 0.292968750 0.195312500 0.496093750 0.515625000 0.136718750 0.234375000 0.171875000 0.285156250 0.253906250 0.152343750 0.175781250 0.171875000 0.167968750 0.148437500 0.144531250 0.195312500 0.179687500 0.230468750 0.265625000 0.285156250 0.265625000 0.289062500 0.242187500 0.265625000 0.316406250 0.308593750 
1.285156250 1.707031250 2.820312500 6.851562500 16.695312500 8.832031250 3.054687500 2.746093750 2.875000000 1.707031250 0.527343750 0.445312500 0.539062500 0.324218750 0.367187500 0.375000000 0.324218750 0.332031250 0.429687500 0.464843750 0.371093750 0.332031250 0.316406250 0.386718750 0.253906250 0.292968750 0.312500000 0.296875000 0.277343750 0.335937500 0.257812500 0.265625000 0.304687500 0.339843750 0.300781250 0.359375000 0.351562500 0.332031250 0.296875000 0.371093750 0.437500000 0.394531250 
1.578125000 1.851562500 1.281250000 6.765625000 13.968750000 4.167968750 3.925781250 2.101562500 3.476562500 2.300781250 1.589843750 1.382812500 1.175781250 1.117187500 1.062500000 1.238281250 0.984375000 1.105468750 0.949218750 1.019531250 0.917968750 0.859375000 0.871093750 0.843750000 0.890625000 0.757812500 0.808593750 0.789062500 0.769531250 0.792968750 0.835937500 0.796875000 0.839843750 0.722656250 0.820312500 0.792968750 0.753906250 0.863281250 0.957031250 0.867187500 0.933593750 1.035156250 
1.320312500 1.597656250 1.402343750 6.050781250 16.210937500 4.992187500 5.046875000 2.687500000 2.519531250 1.289062500 0.300781250 0.378906250 0.703125000 0.515625000 0.339843750 0.394531250 0.308593750 0.343750000 0.484375000 0.335937500 0.265625000 0.261718750 0.296875000 0.250000000 0.332031250 0.257812500 0.328125000 0.253906250 0.289062500 0.296875000 0.308593750 0.332031250 0.347656250 0.312500000 0.332031250 0.281250000 0.238281250 0.332031250 0.382812500 0.425781250 0.390625000 0.464843750 
1.386718750 2.027343750 2.296875000 5.078125000 15.375000000 3.328125000 1.281250000 2.035156250 3.195312500 1.738281250 0.753906250 0.566406250 0.523437500 0.574218750 0.484375000 0.433593750 0.386718750 0.363281250 0.375000000 0.542968750 0.378906250 0.367187500 0.363281250 0.328125000 0.304687500 0.273437500 0.417968750 0.390625000 0.343750000 0.324218750 0.296875000 0.238281250 0.304687500 0.285156250 0.347656250 0.386718750 0.324218750 0.402343750 0.460937500 0.425781250 0.445312500 0.488281250 
1.121093750 2.089843750 2.851562500 6.730468750 16.093750000 3.402343750 1.109375000 1.515625000 2.492187500 0.796875000 0.398437500 0.339843750 0.230468750 0.187500000 0.167968750 0.246093750 0.218750000 0.273437500 0.222656250 0.230468750 0.101562500 0.148437500 0.156250000 0.156250000 0.203125000 0.183593750 0.289062500 0.347656250 0.156250000 0.156250000 0.152343750 0.156250000 0.179687500 0.148437500 0.234375000 0.238281250 0.230468750 0.191406250 0.269531250 0.273437500 0.246093750 0.332031250 
2.050781250 2.886718750 3.402343750 10.968750000 14.589843750 3.765625000 1.476562500 1.144531250 2.617187500 1.128906250 0.980468750 0.781250000 0.847656250 0.722656250 0.734375000 0.617187500 0.746093750 0.593750000 0.492187500 0.488281250 0.496093750 0.480468750 0.429687500 0.437500000 0.445312500 0.437500000 0.437500000 0.492187500 0.414062500 0.390625000 0.386718750 0.453125000 0.414062500 0.390625000 0.441406250 0.386718750 0.425781250 0.457031250 0.597656250 0.527343750 0.511718750 0.511718750 
1.785156250 2.003906250 2.519531250 10.031250000 10.386718750 4.289062500 3.125000000 2.105468750 1.207031250 0.875000000 0.843750000 0.699218750 0.972656250 0.871093750 0.769531250 0.843750000 0.765625000 0.828125000 0.667968750 0.578125000 0.515625000 0.628906250 0.617187500 0.609375000 0.589843750 0.519531250 0.632812500 0.574218750 0.546875000 0.546875000 0.593750000 0.496093750 0.550781250 0.582031250 0.597656250 0.621093750 0.644531250 0.578125000 0.515625000 0.601562500 0.730468750 0.808593750 
0.714843750 1.621093750 2.457031250 8.546875000 6.070312500 1.785156250 1.500000000 1.378906250 1.574218750 0.949218750 0.792968750 0.652343750 0.554687500 0.539062500 0.507812500 0.445312500 0.375000000 0.597656250 0.503906250 0.457031250 0.445312500 0.406250000 0.453125000 0.410156250 0.406250000 0.496093750 0.468750000 0.425781250 0.371093750 0.316406250 0.382812500 0.371093750 0.375000000 0.367187500 0.476562500 0.390625000 0.371093750 0.343750000 0.386718750 0.410156250 0.500000000 0.476562500 
1.441406250 2.011718750 1.707031250 5.445312500 2.660156250 1.414062500 0.781250000 0.542968750 0.292968750 0.160156250 0.265625000 0.332031250 0.218750000 0.125000000 0.156250000 0.167968750 0.156250000 0.253906250 0.128906250 0.109375000 0.191406250 0.144531250 0.148437500 0.128906250 0.113281250 0.109375000 0.191406250 0.277343750 0.156250000 0.125000000 0.167968750 0.156250000 0.218750000 0.195312500 0.191406250 0.160156250 0.285156250 0.261718750 0.246093750 0.277343750 0.214843750 0.257812500 
0.679687500 0.960937500 0.953125000 3.539062500 2.699218750 0.933593750 0.687500000 0.695312500 0.632812500 0.519531250 0.429687500 0.382812500 0.449218750 0.503906250 0.355468750 0.371093750 0.332031250 0.250000000 0.277343750 0.277343750 0.367187500 0.363281250 0.296875000 0.277343750 0.320312500 0.238281250 0.292968750 0.238281250 0.269531250 0.316406250 0.234375000 0.285156250 0.261718750 0.343750000 0.332031250 0.394531250 0.449218750 0.316406250 0.335937500 0.335937500 0.324218750 0.367187500 
0.382812500 0.484375000 0.988281250 2.757812500 2.101562500 0.585937500 0.445312500 0.441406250 0.218750000 0.128906250 0.050781250 0.117187500 0.257812500 0.230468750 0.109375000 0.140625000 0.222656250 0.097656250 0.167968750 0.078125000 0.156250000 0.097656250 0.105468750 0.160156250 0.152343750 0.144531250 0.183593750 0.175781250 0.171875000 0.136718750 0.128906250 0.125000000 0.136718750 0.191406250 0.156250000 0.207031250 0.281250000 0.226562500 0.187500000 0.210937500 0.167968750 0.226562500 
0.605468750 0.687500000 1.148437500 2.050781250 1.613281250 0.449218750 0.273437500 0.312500000 0.117187500 0.160156250 0.171875000 0.257812500 0.296875000 0.179687500 0.132812500 0.164062500 0.269531250 0.183593750 0.164062500 0.121093750 0.101562500 0.101562500 0.089843750 0.164062500 0.148437500 0.156250000 0.152343750 0.203125000 0.195312500 0.148437500 0.164062500 0.175781250 0.167968750 0.152343750 0.152343750 0.195312500 0.222656250 0.210937500 0.128906250 0.156250000 0.183593750 0.195312500 
0.687500000 0.644531250 1.277343750 1.078125000 0.707031250 0.332031250 0.316406250 0.289062500 0.113281250 0.136718750 0.132812500 0.261718750 0.285156250 0.304687500 0.148437500 0.156250000 0.273437500 0.128906250 0.160156250 0.121093750 0.093750000 0.117187500 0.125000000 0.148437500 0.125000000 0.128906250 0.171875000 0.187500000 0.183593750 0.128906250 0.144531250 0.191406250 0.160156250 0.125000000 0.144531250 0.160156250 0.171875000 0.183593750 0.101562500 0.148437500 0.121093750 0.152343750 
0.714843750 0.753906250 0.843750000 0.417968750 0.285156250 0.214843750 0.148437500 0.207031250 0.101562500 0.132812500 0.167968750 0.289062500 0.343750000 0.214843750 0.136718750 0.140625000 0.257812500 0.125000000 0.156250000 0.160156250 0.109375000 0.132812500 0.109375000 0.121093750 0.113281250 0.136718750 0.125000000 0.179687500 0.132812500 0.113281250 0.109375000 0.175781250 0.136718750 0.128906250 0.121093750 0.105468750 0.121093750 0.156250000 0.113281250 0.132812500 0.101562500 0.121093750 
0.730468750 0.585937500 0.457031250 0.261718750 0.304687500 0.210937500 0.125000000 0.316406250 0.152343750 0.066406250 0.144531250 0.230468750 0.429687500 0.332031250 0.121093750 0.191406250 0.117187500 0.105468750 0.117187500 0.117187500 0.140625000 0.109375000 0.171875000 0.113281250 0.070312500 0.156250000 0.140625000 0.132812500 0.097656250 0.109375000 0.140625000 0.144531250 0.105468750 0.121093750 0.117187500 0.117187500 0.132812500 0.117187500 0.105468750 0.117187500 0.113281250 0.152343750 
0.468750000 0.421875000 0.632812500 0.234375000 0.238281250 0.207031250 0.175781250 0.449218750 0.101562500 0.105468750 0.167968750 0.238281250 0.332031250 0.230468750 0.148437500 0.097656250 0.160156250 0.113281250 0.125000000 0.132812500 0.152343750 0.171875000 0.148437500 0.109375000 0.070312500 0.132812500 0.152343750 0.152343750 0.097656250 0.082031250 0.113281250 0.148437500 0.140625000 0.128906250 0.140625000 0.105468750 0.097656250 0.089843750 0.140625000 0.128906250 0.093750000 0.171875000 
0.437500000 0.312500000 0.542968750 0.269531250 0.132812500 0.093750000 0.324218750 0.359375000 0.125000000 0.203125000 0.195312500 0.210937500 0.277343750 0.257812500 0.128906250 0.160156250 0.117187500 0.097656250 0.097656250 0.113281250 0.136718750 0.179687500 0.167968750 0.117187500 0.136718750 0.136718750 0.152343750 0.144531250 0.109375000 0.125000000 0.121093750 0.148437500 0.136718750 0.117187500 0.128906250 0.101562500 0.093750000 0.082031250 0.132812500 0.148437500 0.105468750 0.156250000 
0.449218750 0.296875000 0.191406250 0.296875000 0.210937500 0.121093750 0.324218750 0.277343750 0.140625000 0.128906250 0.269531250 0.308593750 0.222656250 0.183593750 0.136718750 0.171875000 0.109375000 0.082031250 0.039062500 0.121093750 0.187500000 0.160156250 0.187500000 0.152343750 0.136718750 0.117187500 0.148437500 0.128906250 0.085937500 0.117187500 0.089843750 0.136718750 0.132812500 0.089843750 0.089843750 0.097656250 0.101562500 0.117187500 0.093750000 0.113281250 0.113281250 0.140625000 
0.367187500 0.343750000 0.332031250 0.089843750 0.078125000 0.175781250 0.234375000 0.179687500 0.105468750 0.140625000 0.312500000 0.234375000 0.136718750 0.175781250 0.152343750 0.152343750 0.121093750 0.089843750 0.132812500 0.148437500 0.183593750 0.140625000 0.214843750 0.164062500 0.164062500 0.105468750 0.117187500 0.105468750 0.062500000 0.132812500 0.066406250 0.105468750 0.085937500 0.082031250 0.101562500 0.109375000 0.105468750 0.109375000 0.113281250 0.144531250 0.109375000 0.125000000 
0.339843750 0.484375000 0.460937500 0.269531250 0.253906250 0.175781250 0.242187500 0.101562500 0.179687500 0.113281250 0.234375000 0.269531250 0.156250000 0.199218750 0.125000000 0.121093750 0.109375000 0.187500000 0.148437500 0.148437500 0.183593750 0.160156250 0.175781250 0.156250000 0.144531250 0.156250000 0.144531250 0.117187500 0.085937500 0.113281250 0.089843750 0.128906250 0.125000000 0.093750000 0.136718750 0.128906250 0.128906250 0.164062500 0.117187500 0.164062500 0.117187500 0.148437500 
0.628906250 0.835937500 0.718750000 0.183593750 0.132812500 0.296875000 0.289062500 0.195312500 0.203125000 0.136718750 0.199218750 0.195312500 0.164062500 0.097656250 0.160156250 0.144531250 0.148437500 0.203125000 0.214843750 0.132812500 0.191406250 0.144531250 0.152343750 0.203125000 0.140625000 0.179687500 0.144531250 0.144531250 0.113281250 0.167968750 0.144531250 0.164062500 0.152343750 0.093750000 0.152343750 0.191406250 0.117187500 0.152343750 0.136718750 0.226562500 0.179687500 0.160156250 
0.414062500 0.886718750 0.734375000 0.261718750 0.105468750 0.269531250 0.230468750 0.167968750 0.210937500 0.144531250 0.109375000 0.179687500 0.093750000 0.117187500 0.136718750 0.125000000 0.156250000 0.242187500 0.210937500 0.144531250 0.175781250 0.136718750 0.207031250 0.238281250 0.187500000 0.226562500 0.148437500 0.156250000 0.203125000 0.226562500 0.167968750 0.167968750 0.171875000 0.160156250 0.171875000 0.164062500 0.152343750 0.144531250 0.132812500 0.187500000 0.171875000 0.195312500 
0.902343750 1.066406250 0.820312500 0.277343750 0.171875000 0.363281250 0.210937500 0.156250000 0.132812500 0.097656250 0.085937500 0.093750000 0.125000000 0.132812500 0.136718750 0.164062500 0.132812500 0.199218750 0.234375000 0.121093750 0.167968750 0.140625000 0.128906250 0.261718750 0.210937500 0.218750000 0.164062500 0.152343750 0.187500000 0.203125000 0.171875000 0.179687500 0.187500000 0.144531250 0.179687500 0.183593750 0.136718750 0.136718750 0.148437500 0.222656250 0.210937500 0.203125000 
0.761718750 0.730468750 0.917968750 0.359375000 0.433593750 0.285156250 0.171875000 0.226562500 0.195312500 0.125000000 0.109375000 0.082031250 0.195312500 0.140625000 0.156250000 0.171875000 0.140625000 0.210937500 0.222656250 0.117187500 0.210937500 0.167968750 0.109375000 0.226562500 0.265625000 0.144531250 0.179687500 0.167968750 0.148437500 0.238281250 0.191406250 0.125000000 0.148437500 0.136718750 0.175781250 0.191406250 0.187500000 0.164062500 0.171875000 0.257812500 0.203125000 0.253906250 
1.210937500 1.136718750 0.953125000 0.347656250 0.316406250 0.250000000 0.093750000 0.082031250 0.105468750 0.062500000 0.101562500 0.148437500 0.140625000 0.210937500 0.175781250 0.187500000 0.093750000 0.218750000 0.269531250 0.148437500 0.136718750 0.140625000 0.128906250 0.250000000 0.171875000 0.070312500 0.179687500 0.195312500 0.105468750 0.148437500 0.156250000 0.148437500 0.140625000 0.144531250 0.191406250 0.226562500 0.199218750 0.191406250 0.167968750 0.242187500 0.179687500 0.218750000 
1.351562500 1.085937500 0.660156250 0.351562500 0.296875000 0.234375000 0.132812500 0.070312500 0.046875000 0.054687500 0.093750000 0.207031250 0.210937500 0.195312500 0.183593750 0.140625000 0.093750000 0.281250000 0.210937500 0.152343750 0.136718750 0.164062500 0.121093750 0.156250000 0.191406250 0.085937500 0.164062500 0.218750000 0.144531250 0.136718750 0.148437500 0.156250000 0.152343750 0.171875000 0.167968750 0.242187500 0.214843750 0.195312500 0.171875000 0.179687500 0.199218750 0.175781250 
1.242187500 0.953125000 0.312500000 0.347656250 0.417968750 0.285156250 0.140625000 0.164062500 0.054687500 0.085937500 0.109375000 0.152343750 0.300781250 0.191406250 0.152343750 0.140625000 0.097656250 0.265625000 0.187500000 0.207031250 0.167968750 0.191406250 0.140625000 0.171875000 0.179687500 0.132812500 0.183593750 0.195312500 0.160156250 0.109375000 0.140625000 0.171875000 0.167968750 0.164062500 0.148437500 0.238281250 0.203125000 0.164062500 0.140625000 0.167968750 0.175781250 0.164062500 
0.605468750 0.574218750 0.257812500 0.246093750 0.300781250 0.300781250 0.179687500 0.195312500 0.101562500 0.105468750 0.121093750 0.140625000 0.281250000 0.269531250 0.199218750 0.195312500 0.246093750 0.265625000 0.210937500 0.152343750 0.136718750 0.292968750 0.140625000 0.191406250 0.191406250 0.164062500 0.171875000 0.191406250 0.156250000 0.101562500 0.148437500 0.175781250 0.152343750 0.179687500 0.164062500 0.207031250 0.179687500 0.187500000 0.156250000 0.140625000 0.195312500 0.171875000 
0.539062500 0.406250000 0.476562500 0.304687500 0.289062500 0.234375000 0.121093750 0.164062500 0.101562500 0.105468750 0.125000000 0.156250000 0.273437500 0.183593750 0.128906250 0.187500000 0.140625000 0.203125000 0.160156250 0.164062500 0.148437500 0.218750000 0.175781250 0.187500000 0.148437500 0.132812500 0.175781250 0.148437500 0.140625000 0.128906250 0.187500000 0.132812500 0.117187500 0.164062500 0.187500000 0.148437500 0.144531250 0.175781250 0.164062500 0.160156250 0.183593750 0.152343750 
0.558593750 0.433593750 0.535156250 0.214843750 0.171875000 0.132812500 0.148437500 0.148437500 0.097656250 0.140625000 0.144531250 0.074218750 0.195312500 0.222656250 0.156250000 0.242187500 0.148437500 0.148437500 0.171875000 0.093750000 0.128906250 0.226562500 0.152343750 0.214843750 0.105468750 0.136718750 0.144531250 0.128906250 0.125000000 0.125000000 0.167968750 0.105468750 0.101562500 0.144531250 0.152343750 0.132812500 0.175781250 0.167968750 0.171875000 0.164062500 0.156250000 0.167968750 
0.550781250 0.398437500 0.519531250 0.082031250 0.132812500 0.132812500 0.195312500 0.230468750 0.199218750 0.121093750 0.136718750 0.082031250 0.179687500 0.214843750 0.250000000 0.238281250 0.128906250 0.128906250 0.132812500 0.144531250 0.160156250 0.238281250 0.144531250 0.210937500 0.117187500 0.117187500 0.128906250 0.152343750 0.097656250 0.148437500 0.167968750 0.140625000 0.125000000 0.164062500 0.179687500 0.156250000 0.179687500 0.152343750 0.179687500 0.148437500 0.140625000 0.210937500 
0.613281250 0.472656250 0.363281250 0.156250000 0.148437500 0.121093750 0.128906250 0.132812500 0.144531250 0.117187500 0.113281250 0.105468750 0.152343750 0.152343750 0.164062500 0.183593750 0.082031250 0.101562500 0.117187500 0.132812500 0.160156250 0.261718750 0.187500000 0.222656250 0.121093750 0.121093750 0.117187500 0.136718750 0.097656250 0.097656250 0.093750000 0.132812500 0.140625000 0.175781250 0.171875000 0.148437500 0.140625000 0.101562500 0.128906250 0.117187500 0.160156250 0.234375000 
0.484375000 0.656250000 0.417968750 0.152343750 0.191406250 0.113281250 0.171875000 0.187500000 0.210937500 0.128906250 0.113281250 0.050781250 0.105468750 0.078125000 0.171875000 0.234375000 0.121093750 0.144531250 0.167968750 0.128906250 0.148437500 0.242187500 0.171875000 0.230468750 0.113281250 0.125000000 0.156250000 0.152343750 0.085937500 0.113281250 0.089843750 0.167968750 0.136718750 0.144531250 0.132812500 0.167968750 0.140625000 0.140625000 0.144531250 0.156250000 0.144531250 0.199218750 
0.875000000 0.699218750 0.265625000 0.089843750 0.171875000 0.105468750 0.199218750 0.160156250 0.113281250 0.113281250 0.070312500 0.156250000 0.226562500 0.097656250 0.140625000 0.179687500 0.152343750 0.144531250 0.140625000 0.171875000 0.148437500 0.136718750 0.136718750 0.152343750 0.136718750 0.109375000 0.144531250 0.093750000 0.082031250 0.089843750 0.078125000 0.144531250 0.183593750 0.128906250 0.136718750 0.132812500 0.125000000 0.101562500 0.078125000 0.156250000 0.183593750 0.167968750 
0.980468750 0.535156250 0.218750000 0.070312500 0.175781250 0.128906250 0.164062500 0.218750000 0.148437500 0.152343750 0.207031250 0.242187500 0.191406250 0.160156250 0.140625000 0.195312500 0.160156250 0.191406250 0.125000000 0.128906250 0.152343750 0.148437500 0.144531250 0.148437500 0.156250000 0.136718750 0.148437500 0.109375000 0.117187500 0.093750000 0.089843750 0.136718750 0.175781250 0.128906250 0.132812500 0.121093750 0.132812500 0.113281250 0.085937500 0.160156250 0.148437500 0.144531250 
1.011718750 0.714843750 0.347656250 0.175781250 0.152343750 0.117187500 0.105468750 0.316406250 0.125000000 0.132812500 0.171875000 0.218750000 0.222656250 0.132812500 0.085937500 0.175781250 0.148437500 0.246093750 0.187500000 0.152343750 0.113281250 0.140625000 0.140625000 0.101562500 0.132812500 0.148437500 0.136718750 0.101562500 0.164062500 0.136718750 0.097656250 0.117187500 0.195312500 0.105468750 0.113281250 0.101562500 0.144531250 0.152343750 0.117187500 0.183593750 0.156250000 0.164062500 
0.703125000 0.597656250 0.332031250 0.210937500 0.128906250 0.195312500 0.203125000 0.339843750 0.117187500 0.125000000 0.160156250 0.203125000 0.132812500 0.234375000 0.175781250 0.191406250 0.179687500 0.238281250 0.175781250 0.097656250 0.113281250 0.136718750 0.195312500 0.125000000 0.175781250 0.128906250 0.140625000 0.144531250 0.171875000 0.117187500 0.160156250 0.125000000 0.179687500 0.140625000 0.167968750 0.117187500 0.117187500 0.160156250 0.121093750 0.203125000 0.152343750 0.136718750 
0.738281250 0.464843750 0.269531250 0.167968750 0.191406250 0.164062500 0.277343750 0.328125000 0.164062500 0.097656250 0.101562500 0.144531250 0.250000000 0.179687500 0.144531250 0.171875000 0.187500000 0.289062500 0.199218750 0.093750000 0.128906250 0.113281250 0.144531250 0.101562500 0.144531250 0.156250000 0.136718750 0.125000000 0.167968750 0.152343750 0.183593750 0.136718750 0.171875000 0.148437500 0.128906250 0.109375000 0.132812500 0.171875000 0.144531250 0.246093750 0.183593750 0.160156250 
0.449218750 0.246093750 0.363281250 0.167968750 0.195312500 0.230468750 0.296875000 0.199218750 0.074218750 0.144531250 0.289062500 0.195312500 0.265625000 0.226562500 0.210937500 0.167968750 0.210937500 0.242187500 0.136718750 0.121093750 0.156250000 0.113281250 0.152343750 0.105468750 0.156250000 0.160156250 0.140625000 0.160156250 0.183593750 0.136718750 0.195312500 0.117187500 0.097656250 0.167968750 0.167968750 0.125000000 0.179687500 0.191406250 0.152343750 0.210937500 0.164062500 0.152343750 
0.527343750 0.261718750 0.253906250 0.136718750 0.183593750 0.195312500 0.179687500 0.312500000 0.136718750 0.203125000 0.300781250 0.347656250 0.214843750 0.222656250 0.140625000 0.226562500 0.203125000 0.175781250 0.191406250 0.210937500 0.160156250 0.144531250 0.101562500 0.121093750 0.140625000 0.179687500 0.152343750 0.140625000 0.179687500 0.160156250 0.167968750 0.128906250 0.167968750 0.152343750 0.109375000 0.128906250 0.140625000 0.128906250 0.160156250 0.230468750 0.167968750 0.160156250 
