-4.851562500 -4.445312500 -4.160156250 -4.160156250 -3.753906250 -3.597656250 -3.347656250 -3.242187500 -3.347656250 -3.753906250 -4.851562500 -3.937500000 -3.148437500 -2.773437500 -2.773437500 -3.347656250 -3.242187500 -3.242187500 -3.347656250 -4.851562500 -5.546875000 -5.546875000 -3.753906250 -3.753906250 -3.148437500 -3.937500000 -3.937500000 -1.855468750 -0.843750000 -0.992187500 -1.808593750 -3.058593750 -5.546875000 -3.937500000 -2.601562500 -3.597656250 -3.347656250 -3.937500000 -3.148437500 -2.906250000 -2.179687500 -3.242187500 
-5.546875000 -5.546875000 -5.546875000 -5.546875000 -4.445312500 -4.445312500 -4.445312500 -4.160156250 -3.753906250 -3.753906250 -3.597656250 -3.464843750 -3.347656250 -3.242187500 -3.058593750 -3.148437500 -3.058593750 -3.347656250 -3.347656250 -3.753906250 -4.445312500 -5.546875000 -5.546875000 -5.546875000 -3.597656250 -3.148437500 -2.906250000 -2.906250000 -2.773437500 -2.980468750 -3.753906250 -5.546875000 -5.546875000 -3.464843750 -3.148437500 -3.058593750 -3.753906250 -5.546875000 -5.546875000 -5.546875000 -5.546875000 -5.546875000 
-5.546875000 -5.546875000 -5.546875000 -5.546875000 -5.546875000 -5.546875000 -5.546875000 -5.546875000 -5.546875000 -5.546875000 -5.546875000 -5.546875000 -5.546875000 -5.546875000 -5.546875000 -5.546875000 -5.546875000 -5.546875000 -5.546875000 -5.546875000 -5.546875000 -5.546875000 -5.546875000 -5.546875000 -5.546875000 -5.546875000 -5.546875000 -5.546875000 -5.546875000 -5.546875000 -5.546875000 -5.546875000 -5.546875000 -5.546875000 -5.546875000 -5.546875000 -5.546875000 -5.546875000 -5.546875000 -5.546875000 -5.546875000 -5.546875000 
-5.546875000 -5.546875000 -5.546875000 -5.546875000 -5.546875000 -5.546875000 -5.546875000 -5.546875000 -5.546875000 -5.546875000 -5.546875000 -5.546875000 -5.546875000 -5.546875000 -5.546875000 -5.546875000 -5.546875000 -5.546875000 -5.546875000 -5.546875000 -5.546875000 -5.546875000 -5.546875000 -5.546875000 -5.546875000 -5.546875000 -5.546875000 -5.546875000 -5.546875000 -5.546875000 -5.546875000 -5.546875000 -5.546875000 -5.546875000 -5.546875000 -5.546875000 -5.546875000 -5.546875000 -5.546875000 -5.546875000 -5.546875000 -5.546875000 
-5.546875000 -5.546875000 -5.546875000 -5.546875000 -5.546875000 -5.546875000 -5.546875000 -5.546875000 -5.546875000 -5.546875000 -5.546875000 -5.546875000 -5.546875000 -5.546875000 -5.546875000 -5.546875000 -5.546875000 -5.546875000 -5.546875000 -5.546875000 -5.546875000 -5.546875000 -5.546875000 -5.546875000 -5.546875000 -5.546875000 -5.546875000 -5.546875000 -5.546875000 -5.546875000 -5.546875000 -5.546875000 -5.546875000 -5.546875000 -5.546875000 -5.546875000 -5.546875000 -5.546875000 -5.546875000 -5.546875000 -5.546875000 -5.546875000 
-5.546875000 -5.546875000 -5.546875000 -5.546875000 -5.546875000 -5.546875000 -5.546875000 -5.546875000 -5.546875000 -5.546875000 -5.546875000 -5.546875000 -5.546875000 -5.546875000 -5.546875000 -5.546875000 -5.546875000 -5.546875000 -5.546875000 -5.546875000 -5.546875000 -5.546875000 -5.546875000 -5.546875000 -5.546875000 -5.546875000 -5.546875000 -5.546875000 -5.546875000 -5.546875000 -5.546875000 -5.546875000 -5.546875000 -5.546875000 -5.546875000 -5.546875000 -5.546875000 -5.546875000 -5.546875000 -5.546875000 -5.546875000 -5.546875000 
-5.546875000 -5.546875000 -5.546875000 -5.546875000 -5.546875000 -5.546875000 -5.546875000 -5.546875000 -5.546875000 -5.546875000 -5.546875000 -5.546875000 -5.546875000 -5.546875000 -5.546875000 -5.546875000 -5.546875000 -5.546875000 -5.546875000 -5.546875000 -5.546875000 -5.546875000 -5.546875000 -5.546875000 -5.546875000 -5.546875000 -5.546875000 -5.546875000 -5.546875000 -5.546875000 -5.546875000 -5.546875000 -5.546875000 -5.546875000 -5.546875000 -5.546875000 -5.546875000 -5.546875000 -5.546875000 -5.546875000 -5.546875000 -5.546875000 
-5.546875000 -5.546875000 -5.546875000 -5.546875000 -5.546875000 -5.546875000 -5.546875000 -5.546875000 -5.546875000 -5.546875000 -5.546875000 -5.546875000 -5.546875000 -5.546875000 -5.546875000 -5.546875000 -5.546875000 -5.546875000 -5.546875000 -5.546875000 -5.546875000 -5.546875000 -5.546875000 -5.546875000 -5.546875000 -5.546875000 -5.546875000 -5.546875000 -5.546875000 -5.546875000 -5.546875000 -5.546875000 -5.546875000 -5.546875000 -5.546875000 -5.546875000 -5.546875000 -5.546875000 -5.546875000 -5.546875000 -5.546875000 -5.546875000 
-5.546875000 -5.546875000 -5.546875000 -5.546875000 -5.546875000 -5.546875000 -5.546875000 -5.546875000 -5.546875000 -5.546875000 -5.546875000 -5.546875000 -5.546875000 -5.546875000 -5.546875000 -5.546875000 -5.546875000 -5.546875000 -5.546875000 -5.546875000 -5.546875000 -5.546875000 -5.546875000 -5.546875000 -5.546875000 -5.546875000 -5.546875000 -5.546875000 -5.546875000 -5.546875000 -5.546875000 -5.546875000 -5.546875000 -5.546875000 -5.546875000 -5.546875000 -5.546875000 -5.546875000 -5.546875000 -5.546875000 -5.546875000 -5.546875000 
-5.546875000 -5.546875000 -5.546875000 -5.546875000 -5.546875000 -5.546875000 -5.546875000 -5.546875000 -5.546875000 -5.546875000 -5.546875000 -5.546875000 -5.546875000 -5.546875000 -5.546875000 -5.546875000 -5.546875000 -5.546875000 -5.546875000 -5.546875000 -5.546875000 -5.546875000 -5.546875000 -5.546875000 -5.546875000 -5.546875000 -5.546875000 -5.546875000 -5.546875000 -5.546875000 -5.546875000 -5.546875000 -5.546875000 -5.546875000 -5.546875000 -5.546875000 -5.546875000 -5.546875000 -5.546875000 -5.546875000 -5.546875000 -5.546875000 
-5.546875000 -5.546875000 -5.546875000 -5.546875000 -5.546875000 -5.546875000 -5.546875000 -5.546875000 -5.546875000 -5.546875000 -5.546875000 -5.546875000 -5.546875000 -5.546875000 -5.546875000 -5.546875000 -5.546875000 -5.546875000 -5.546875000 -5.546875000 -5.546875000 -5.546875000 -5.546875000 -5.546875000 -5.546875000 -5.546875000 -5.546875000 -5.546875000 -5.546875000 -5.546875000 -5.546875000 -5.546875000 -5.546875000 -5.546875000 -5.546875000 -5.546875000 -5.546875000 -5.546875000 -5.546875000 -5.546875000 -5.546875000 -5.546875000 
-4.445312500 -4.160156250 -4.445312500 -5.546875000 -3.753906250 -3.148437500 -2.710937500 -2.835937500 -3.347656250 -4.160156250 -3.347656250 -3.347656250 -4.445312500 -3.148437500 -2.710937500 -3.242187500 -4.160156250 -5.546875000 -4.160156250 -3.347656250 -3.242187500 -3.148437500 -3.937500000 -2.906250000 -2.656250000 -1.960937500 -0.289062500 0.023437500 -0.726562500 -1.066406250 -1.152343750 -1.593750000 -1.554687500 -2.601562500 -2.109375000 -2.250000000 -2.656250000 -2.500000000 -1.855468750 -2.367187500 -2.601562500 -2.328125000 
-4.445312500 -4.160156250 -4.445312500 -5.546875000 -3.753906250 -3.148437500 -2.710937500 -2.835937500 -3.347656250 -4.160156250 -3.347656250 -3.347656250 -4.445312500 -3.148437500 -2.710937500 -3.242187500 -4.160156250 -5.546875000 -4.160156250 -3.347656250 -3.242187500 -3.148437500 -3.937500000 -2.906250000 -2.656250000 -1.960937500 -0.289062500 0.023437500 -0.726562500 -1.066406250 -1.152343750 -1.593750000 -1.554687500 -2.601562500 -2.109375000 -2.250000000 -2.656250000 -2.500000000 -1.855468750 -2.367187500 -2.601562500 -2.328125000 
-4.445312500 -4.160156250 -4.445312500 -5.546875000 -3.753906250 -3.148437500 -2.710937500 -2.835937500 -3.347656250 -4.160156250 -3.347656250 -3.347656250 -4.445312500 -3.148437500 -2.710937500 -3.242187500 -4.160156250 -5.546875000 -4.160156250 -3.347656250 -3.242187500 -3.148437500 -3.937500000 -2.906250000 -2.656250000 -1.960937500 -0.289062500 0.023437500 -0.726562500 -1.066406250 -1.152343750 -1.593750000 -1.554687500 -2.601562500 -2.109375000 -2.250000000 -2.656250000 -2.500000000 -1.855468750 -2.367187500 -2.601562500 -2.328125000 
-5.546875000 -5.546875000 -4.445312500 -4.160156250 -3.597656250 -3.347656250 -3.148437500 -3.058593750 -3.148437500 -3.464843750 -3.937500000 -4.160156250 -4.445312500 -4.160156250 -4.851562500 -5.546875000 -4.160156250 -3.937500000 -3.937500000 -4.160156250 -5.546875000 -3.753906250 -4.445312500 -2.980468750 -2.328125000 -3.058593750 -1.652343750 -1.101562500 -0.671875000 -1.113281250 -0.562500000 -0.871093750 -1.988281250 -3.148437500 -5.546875000 -3.347656250 -3.464843750 -2.601562500 -2.835937500 -3.242187500 -2.980468750 -2.773437500 
-5.546875000 -5.546875000 -4.445312500 -4.160156250 -3.597656250 -3.347656250 -3.148437500 -3.058593750 -3.148437500 -3.464843750 -3.937500000 -4.160156250 -4.445312500 -4.160156250 -4.851562500 -5.546875000 -4.160156250 -3.937500000 -3.937500000 -4.160156250 -5.546875000 -3.753906250 -4.445312500 -2.980468750 -2.328125000 -3.058593750 -1.652343750 -1.101562500 -0.671875000 -1.113281250 -0.562500000 -0.871093750 -1.988281250 -3.148437500 -5.546875000 -3.347656250 -3.464843750 -2.601562500 -2.835937500 -3.242187500 -2.980468750 -2.773437500 
-5.546875000 -5.546875000 -4.445312500 -4.160156250 -3.597656250 -3.347656250 -3.148437500 -3.058593750 -3.148437500 -3.464843750 -3.937500000 -4.160156250 -4.445312500 -4.160156250 -4.851562500 -5.546875000 -4.160156250 -3.937500000 -3.937500000 -4.160156250 -5.546875000 -3.753906250 -4.445312500 -2.980468750 -2.328125000 -3.058593750 -1.652343750 -1.101562500 -0.671875000 -1.113281250 -0.562500000 -0.871093750 -1.988281250 -3.148437500 -5.546875000 -3.347656250 -3.464843750 -2.601562500 -2.835937500 -3.242187500 -2.980468750 -2.773437500 
-5.546875000 -5.546875000 -5.546875000 -5.546875000 -5.546875000 -5.546875000 -5.546875000 -5.546875000 -5.546875000 -5.546875000 -5.546875000 -5.546875000 -5.546875000 -5.546875000 -5.546875000 -5.546875000 -5.546875000 -5.546875000 -5.546875000 -5.546875000 -5.546875000 -5.546875000 -5.546875000 -5.546875000 -5.546875000 -5.546875000 -5.546875000 -5.546875000 -5.546875000 -5.546875000 -5.546875000 -5.546875000 -5.546875000 -5.546875000 -5.546875000 -5.546875000 -5.546875000 -5.546875000 -5.546875000 -5.546875000 -5.546875000 -5.546875000 
-5.546875000 -5.546875000 -5.546875000 -5.546875000 -5.546875000 -5.546875000 -5.546875000 -5.546875000 -5.546875000 -5.546875000 -5.546875000 -5.546875000 -5.546875000 -5.546875000 -5.546875000 -5.546875000 -5.546875000 -5.546875000 -5.546875000 -5.546875000 -5.546875000 -5.546875000 -5.546875000 -5.546875000 -5.546875000 -5.546875000 -5.546875000 -5.546875000 -5.546875000 -5.546875000 -5.546875000 -5.546875000 -5.546875000 -5.546875000 -5.546875000 -5.546875000 -5.546875000 -5.546875000 -5.546875000 -5.546875000 -5.546875000 -5.546875000 
-5.546875000 -5.546875000 -5.546875000 -5.546875000 -5.546875000 -5.546875000 -5.546875000 -5.546875000 -5.546875000 -5.546875000 -5.546875000 -5.546875000 -5.546875000 -5.546875000 -5.546875000 -5.546875000 -5.546875000 -5.546875000 -5.546875000 -5.546875000 -5.546875000 -5.546875000 -5.546875000 -5.546875000 -5.546875000 -5.546875000 -5.546875000 -5.546875000 -5.546875000 -5.546875000 -5.546875000 -5.546875000 -5.546875000 -5.546875000 -5.546875000 -5.546875000 -5.546875000 -5.546875000 -5.546875000 -5.546875000 -5.546875000 -5.546875000 
-5.546875000 -5.546875000 -5.546875000 -5.546875000 -5.546875000 -5.546875000 -5.546875000 -5.546875000 -5.546875000 -5.546875000 -5.546875000 -5.546875000 -5.546875000 -5.546875000 -5.546875000 -5.546875000 -5.546875000 -5.546875000 -5.546875000 -5.546875000 -5.546875000 -5.546875000 -5.546875000 -5.546875000 -5.546875000 -5.546875000 -5.546875000 -5.546875000 -5.546875000 -5.546875000 -5.546875000 -5.546875000 -5.546875000 -5.546875000 -5.546875000 -5.546875000 -5.546875000 -5.546875000 -5.546875000 -5.546875000 -5.546875000 -5.546875000 
-5.546875000 -5.546875000 -5.546875000 -5.546875000 -5.546875000 -5.546875000 -5.546875000 -5.546875000 -5.546875000 -5.546875000 -5.546875000 -5.546875000 -5.546875000 -5.546875000 -5.546875000 -5.546875000 -5.546875000 -5.546875000 -5.546875000 -5.546875000 -5.546875000 -5.546875000 -5.546875000 -5.546875000 -5.546875000 -5.546875000 -5.546875000 -5.546875000 -5.546875000 -5.546875000 -5.546875000 -5.546875000 -5.546875000 -5.546875000 -5.546875000 -5.546875000 -5.546875000 -5.546875000 -5.546875000 -5.546875000 -5.546875000 -5.546875000 
-5.546875000 -5.546875000 -5.546875000 -5.546875000 -5.546875000 -5.546875000 -5.546875000 -5.546875000 -5.546875000 -5.546875000 -5.546875000 -5.546875000 -5.546875000 -5.546875000 -5.546875000 -5.546875000 -5.546875000 -5.546875000 -5.546875000 -5.546875000 -5.546875000 -5.546875000 -5.546875000 -5.546875000 -5.546875000 -5.546875000 -5.546875000 -5.546875000 -5.546875000 -5.546875000 -5.546875000 -5.546875000 -5.546875000 -5.546875000 -5.546875000 -5.546875000 -5.546875000 -5.546875000 -5.546875000 -5.546875000 -5.546875000 -5.546875000 
-5.546875000 -5.546875000 -5.546875000 -5.546875000 -5.546875000 -5.546875000 -5.546875000 -5.546875000 -5.546875000 -5.546875000 -5.546875000 -5.546875000 -5.546875000 -5.546875000 -5.546875000 -5.546875000 -5.546875000 -5.546875000 -5.546875000 -5.546875000 -5.546875000 -5.546875000 -5.546875000 -5.546875000 -5.546875000 -5.546875000 -5.546875000 -5.546875000 -5.546875000 -5.546875000 -5.546875000 -5.546875000 -5.546875000 -5.546875000 -5.546875000 -5.546875000 -5.546875000 -5.546875000 -5.546875000 -5.546875000 -5.546875000 -5.546875000 
-5.546875000 -5.546875000 -5.546875000 -5.546875000 -5.546875000 -5.546875000 -5.546875000 -5.546875000 -5.546875000 -5.546875000 -5.546875000 -5.546875000 -5.546875000 -5.546875000 -5.546875000 -5.546875000 -5.546875000 -5.546875000 -5.546875000 -5.546875000 -5.546875000 -5.546875000 -5.546875000 -5.546875000 -5.546875000 -5.546875000 -5.546875000 -5.546875000 -5.546875000 -5.546875000 -5.546875000 -5.546875000 -5.546875000 -5.546875000 -5.546875000 -5.546875000 -5.546875000 -5.546875000 -5.546875000 -5.546875000 -5.546875000 -5.546875000 
-5.546875000 -5.546875000 -5.546875000 -5.546875000 -5.546875000 -5.546875000 -5.546875000 -5.546875000 -5.546875000 -5.546875000 -5.546875000 -5.546875000 -5.546875000 -5.546875000 -5.546875000 -5.546875000 -5.546875000 -5.546875000 -5.546875000 -5.546875000 -5.546875000 -5.546875000 -5.546875000 -5.546875000 -5.546875000 -5.546875000 -5.546875000 -5.546875000 -5.546875000 -5.546875000 -5.546875000 -5.546875000 -5.546875000 -5.546875000 -5.546875000 -5.546875000 -5.546875000 -5.546875000 -5.546875000 -5.546875000 -5.546875000 -5.546875000 
-5.546875000 -5.546875000 -5.546875000 -5.546875000 -5.546875000 -5.546875000 -5.546875000 -5.546875000 -5.546875000 -5.546875000 -5.546875000 -5.546875000 -5.546875000 -5.546875000 -5.546875000 -5.546875000 -5.546875000 -5.546875000 -5.546875000 -5.546875000 -5.546875000 -5.546875000 -5.546875000 -5.546875000 -5.546875000 -5.546875000 -5.546875000 -5.546875000 -5.546875000 -5.546875000 -5.546875000 -5.546875000 -5.546875000 -5.546875000 -5.546875000 -5.546875000 -5.546875000 -5.546875000 -5.546875000 -5.546875000 -5.546875000 -5.546875000 
-5.546875000 -5.546875000 -5.546875000 -5.546875000 -5.546875000 -5.546875000 -5.546875000 -5.546875000 -5.546875000 -5.546875000 -5.546875000 -5.546875000 -5.546875000 -5.546875000 -5.546875000 -5.546875000 -5.546875000 -5.546875000 -5.546875000 -5.546875000 -5.546875000 -5.546875000 -5.546875000 -5.546875000 -5.546875000 -5.546875000 -5.546875000 -5.546875000 -5.546875000 -5.546875000 -5.546875000 -5.546875000 -5.546875000 -5.546875000 -5.546875000 -5.546875000 -5.546875000 -5.546875000 -5.546875000 -5.546875000 -5.546875000 -5.546875000 
-5.546875000 -5.546875000 -5.546875000 -5.546875000 -5.546875000 -5.546875000 -5.546875000 -5.546875000 -5.546875000 -5.546875000 -5.546875000 -5.546875000 -5.546875000 -5.546875000 -5.546875000 -5.546875000 -5.546875000 -5.546875000 -5.546875000 -5.546875000 -5.546875000 -5.546875000 -5.546875000 -5.546875000 -5.546875000 -5.546875000 -5.546875000 -5.546875000 -5.546875000 -5.546875000 -5.546875000 -5.546875000 -5.546875000 -5.546875000 -5.546875000 -5.546875000 -5.546875000 -5.546875000 -5.546875000 -5.546875000 -5.546875000 -5.546875000 
-5.546875000 -5.546875000 -5.546875000 -5.546875000 -5.546875000 -5.546875000 -5.546875000 -5.546875000 -5.546875000 -5.546875000 -5.546875000 -5.546875000 -5.546875000 -5.546875000 -5.546875000 -5.546875000 -5.546875000 -5.546875000 -5.546875000 -5.546875000 -5.546875000 -5.546875000 -5.546875000 -5.546875000 -5.546875000 -5.546875000 -5.546875000 -5.546875000 -5.546875000 -5.546875000 -5.546875000 -5.546875000 -5.546875000 -5.546875000 -5.546875000 -5.546875000 -5.546875000 -5.546875000 -5.546875000 -5.546875000 -5.546875000 -5.546875000 
-5.546875000 -5.546875000 -5.546875000 -5.546875000 -5.546875000 -5.546875000 -5.546875000 -5.546875000 -5.546875000 -5.546875000 -5.546875000 -5.546875000 -5.546875000 -5.546875000 -5.546875000 -5.546875000 -5.546875000 -5.546875000 -5.546875000 -5.546875000 -5.546875000 -5.546875000 -5.546875000 -5.546875000 -5.546875000 -5.546875000 -5.546875000 -5.546875000 -5.546875000 -5.546875000 -5.546875000 -5.546875000 -5.546875000 -5.546875000 -5.546875000 -5.546875000 -5.546875000 -5.546875000 -5.546875000 -5.546875000 -5.546875000 -5.546875000 
-5.546875000 -5.546875000 -5.546875000 -5.546875000 -5.546875000 -5.546875000 -5.546875000 -5.546875000 -5.546875000 -5.546875000 -5.546875000 -5.546875000 -5.546875000 -5.546875000 -5.546875000 -5.546875000 -5.546875000 -5.546875000 -5.546875000 -5.546875000 -5.546875000 -5.546875000 -5.546875000 -5.546875000 -5.546875000 -5.546875000 -5.546875000 -5.546875000 -5.546875000 -5.546875000 -5.546875000 -5.546875000 -5.546875000 -5.546875000 -5.546875000 -5.546875000 -5.546875000 -5.546875000 -5.546875000 -5.546875000 -5.546875000 -5.546875000 
-5.546875000 -5.546875000 -5.546875000 -5.546875000 -5.546875000 -5.546875000 -5.546875000 -5.546875000 -5.546875000 -5.546875000 -5.546875000 -5.546875000 -5.546875000 -5.546875000 -5.546875000 -5.546875000 -5.546875000 -5.546875000 -5.546875000 -5.546875000 -5.546875000 -5.546875000 -5.546875000 -5.546875000 -5.546875000 -5.546875000 -5.546875000 -5.546875000 -5.546875000 -5.546875000 -5.546875000 -5.546875000 -5.546875000 -5.546875000 -5.546875000 -5.546875000 -5.546875000 -5.546875000 -5.546875000 -5.546875000 -5.546875000 -5.546875000 
-3.242187500 -3.058593750 -2.453125000 -2.179687500 -1.785156250 -1.386718750 -1.046875000 -0.773437500 -0.546875000 -0.363281250 -0.246093750 -0.226562500 -0.304687500 -0.507812500 -0.902343750 -1.519531250 -2.410156250 -2.835937500 -3.242187500 -2.980468750 -2.601562500 -3.347656250 -4.445312500 -3.242187500 -2.980468750 -2.980468750 -2.906250000 -3.148437500 -5.546875000 -3.464843750 -2.410156250 -3.464843750 -3.937500000 -2.980468750 -3.058593750 -3.597656250 -3.937500000 -2.980468750 -2.710937500 -4.851562500 -3.058593750 -2.710937500 
-2.046875000 -2.367187500 -1.226562500 -0.289062500 0.046875000 0.261718750 -0.046875000 -0.230468750 0.207031250 1.082031250 1.468750000 1.660156250 1.234375000 -0.082031250 -0.257812500 -0.093750000 -0.261718750 -0.765625000 -2.410156250 -3.347656250 -3.464843750 -2.773437500 -2.550781250 -2.980468750 -2.453125000 -2.453125000 -3.347656250 -1.574218750 -0.757812500 -1.574218750 -1.906250000 -2.328125000 -1.933593750 -2.453125000 -2.109375000 -2.367187500 -2.601562500 -2.285156250 -1.785156250 -1.593750000 -1.593750000 -2.214843750 
-0.046875000 -0.093750000 0.296875000 0.968750000 0.992187500 0.597656250 1.031250000 1.105468750 0.730468750 1.570312500 1.964843750 1.976562500 1.480468750 1.000000000 0.441406250 0.667968750 0.300781250 0.347656250 -0.058593750 -0.164062500 -0.425781250 -0.625000000 -0.742187500 -0.781250000 -0.765625000 -0.656250000 -0.390625000 -0.250000000 -0.210937500 -0.773437500 -1.402343750 -1.714843750 -1.175781250 -1.593750000 -1.574218750 -1.695312500 -1.882812500 -1.484375000 -0.765625000 -0.312500000 -0.570312500 -1.136718750 
0.152343750 -0.015625000 0.878906250 1.472656250 1.015625000 0.699218750 1.449218750 1.281250000 1.273437500 1.726562500 2.339843750 2.855468750 2.355468750 1.457031250 0.554687500 1.328125000 1.203125000 1.000000000 0.320312500 0.261718750 0.054687500 -0.148437500 -0.246093750 -0.203125000 -0.187500000 -0.054687500 0.210937500 0.472656250 0.523437500 0.082031250 -0.597656250 -0.781250000 -0.148437500 0.000000000 -0.226562500 -0.535156250 -0.742187500 -0.242187500 0.203125000 0.425781250 0.046875000 -0.347656250 
-0.207031250 -0.003906250 0.929687500 1.582031250 1.066406250 0.835937500 1.687500000 1.121093750 1.195312500 2.332031250 2.613281250 2.917968750 2.773437500 1.410156250 0.757812500 1.621093750 1.949218750 1.109375000 0.753906250 0.753906250 0.542968750 0.398437500 0.308593750 0.253906250 0.101562500 0.183593750 0.359375000 0.933593750 1.367187500 0.960937500 0.984375000 0.781250000 0.785156250 0.574218750 0.199218750 0.234375000 0.328125000 0.585937500 0.925781250 1.066406250 0.613281250 0.281250000 
-0.882812500 -0.210937500 1.128906250 1.636718750 0.453125000 0.746093750 1.777343750 1.300781250 0.472656250 2.554687500 2.460937500 3.195312500 3.054687500 1.738281250 1.367187500 1.773437500 2.128906250 1.019531250 0.214843750 0.371093750 0.125000000 0.156250000 0.117187500 0.136718750 0.253906250 0.285156250 0.644531250 1.179687500 1.496093750 0.847656250 0.507812500 0.285156250 0.812500000 0.492187500 -0.128906250 -0.757812500 -0.941406250 -0.281250000 0.953125000 1.265625000 0.890625000 0.191406250 
-0.437500000 -0.609375000 1.199218750 1.738281250 1.054687500 1.234375000 2.082031250 1.441406250 1.128906250 2.660156250 1.968750000 3.007812500 2.953125000 2.156250000 1.738281250 2.210937500 2.156250000 1.019531250 -0.183593750 -0.164062500 -1.078125000 -1.761718750 -1.988281250 -1.226562500 -0.718750000 -0.226562500 0.316406250 1.031250000 1.675781250 1.046875000 0.742187500 0.351562500 1.093750000 0.750000000 0.089843750 -0.507812500 -0.968750000 -0.207031250 1.050781250 1.355468750 0.886718750 0.097656250 
-1.339843750 -0.648437500 1.218750000 1.699218750 0.683593750 1.167968750 2.253906250 1.289062500 1.457031250 2.832031250 2.578125000 3.503906250 3.082031250 2.242187500 1.800781250 2.308593750 1.992187500 1.394531250 0.160156250 -0.128906250 -0.664062500 -0.968750000 -1.164062500 -0.902343750 -0.640625000 -0.335937500 0.281250000 1.207031250 1.625000000 1.105468750 0.609375000 0.394531250 1.023437500 0.695312500 0.109375000 -0.570312500 -0.800781250 -0.222656250 0.996093750 1.210937500 0.757812500 0.062500000 
0.136718750 0.085937500 1.308593750 1.738281250 0.949218750 1.226562500 2.308593750 0.031250000 1.566406250 2.753906250 2.777343750 3.933593750 3.316406250 2.628906250 1.652343750 2.523437500 2.140625000 1.621093750 0.648437500 0.480468750 0.050781250 -0.011718750 -0.207031250 -0.292968750 -0.535156250 -0.019531250 0.496093750 1.195312500 1.535156250 0.992187500 0.605468750 0.277343750 0.964843750 0.535156250 0.011718750 -0.855468750 -0.882812500 -0.339843750 0.906250000 1.171875000 0.636718750 0.023437500 
-0.218750000 -0.160156250 1.160156250 1.515625000 0.332031250 0.777343750 2.285156250 0.796875000 1.960937500 2.613281250 2.121093750 4.046875000 2.945312500 2.492187500 1.433593750 2.335937500 1.964843750 2.000000000 0.476562500 0.429687500 -0.210937500 -0.296875000 -0.367187500 -0.453125000 -0.347656250 -0.226562500 0.250000000 1.023437500 1.191406250 0.898437500 0.589843750 0.183593750 0.628906250 0.207031250 -0.261718750 -0.632812500 -0.457031250 -0.093750000 0.714843750 1.054687500 0.625000000 0.031250000 
0.238281250 0.164062500 0.996093750 1.324218750 0.769531250 0.843750000 2.222656250 1.136718750 2.039062500 2.652343750 2.328125000 4.042968750 2.699218750 1.742187500 1.679687500 2.285156250 1.515625000 2.031250000 0.925781250 0.636718750 0.070312500 -0.160156250 -0.335937500 -0.453125000 -0.527343750 -0.308593750 0.152343750 1.066406250 1.234375000 0.761718750 0.335937500 0.136718750 0.582031250 0.105468750 -0.367187500 -0.882812500 -1.164062500 -0.808593750 0.558593750 0.917968750 0.527343750 -0.312500000 
0.273437500 0.093750000 1.082031250 1.105468750 -0.398437500 0.558593750 2.066406250 1.648437500 2.371093750 2.832031250 2.734375000 3.898437500 2.718750000 1.843750000 1.964843750 1.949218750 1.269531250 1.898437500 0.488281250 -0.250000000 -0.312500000 -0.464843750 -0.718750000 -0.707031250 -0.691406250 -0.597656250 0.156250000 0.980468750 1.062500000 0.519531250 0.164062500 -0.101562500 0.394531250 -0.187500000 -0.816406250 -1.203125000 -1.324218750 -1.214843750 0.222656250 0.589843750 0.265625000 -0.484375000 
-0.117187500 -0.304687500 -0.156250000 0.667968750 0.726562500 0.960937500 1.683593750 1.601562500 2.406250000 2.699218750 2.757812500 3.308593750 2.324218750 1.382812500 1.484375000 1.160156250 1.339843750 1.300781250 -0.035156250 -0.035156250 -0.320312500 -0.222656250 -0.238281250 -0.433593750 -0.445312500 -0.554687500 -0.105468750 0.582031250 0.472656250 -0.210937500 -0.039062500 -0.398437500 -0.148437500 -0.304687500 -0.625000000 -0.617187500 -0.816406250 -0.800781250 -0.042968750 0.136718750 -0.273437500 -0.554687500 
-0.156250000 0.019531250 0.375000000 -0.117187500 0.261718750 0.933593750 0.664062500 0.570312500 2.023437500 2.625000000 1.757812500 1.308593750 1.398437500 0.367187500 0.777343750 0.734375000 1.191406250 0.589843750 -0.070312500 -0.136718750 -0.289062500 -0.218750000 -0.281250000 -0.203125000 -0.226562500 -0.218750000 -0.082031250 0.234375000 -0.230468750 -0.589843750 -0.542968750 -0.589843750 -0.507812500 -0.734375000 -0.675781250 -0.542968750 -0.562500000 -0.656250000 -0.527343750 -0.019531250 -0.136718750 -0.187500000 
-1.906250000 -1.203125000 -0.757812500 -0.296875000 -0.335937500 -0.625000000 0.132812500 0.027343750 0.667968750 0.687500000 0.871093750 1.375000000 -0.433593750 -0.398437500 -0.414062500 -0.671875000 0.078125000 0.359375000 -0.226562500 -1.011718750 -0.890625000 -1.125000000 -1.214843750 -1.152343750 -1.214843750 -1.187500000 -1.226562500 -0.882812500 -0.992187500 -1.164062500 -1.324218750 -1.484375000 -1.214843750 -1.449218750 -1.269531250 -1.253906250 -1.164062500 -1.000000000 -1.226562500 -1.054687500 -1.226562500 -1.214843750 
-2.109375000 -1.433593750 -0.742187500 -0.453125000 -0.992187500 -1.023437500 -0.117187500 -1.253906250 -0.554687500 -0.023437500 0.492187500 1.339843750 -0.425781250 -0.734375000 -1.066406250 -0.640625000 -0.425781250 -0.562500000 -1.136718750 -1.402343750 -1.386718750 -1.933593750 -1.714843750 -1.652343750 -2.179687500 -2.214843750 -1.738281250 -1.484375000 -2.078125000 -1.882812500 -1.695312500 -1.761718750 -1.593750000 -1.714843750 -1.613281250 -1.613281250 -1.519531250 -1.484375000 -1.449218750 -1.226562500 -1.066406250 -1.187500000 
-2.367187500 -1.554687500 -0.808593750 -0.941406250 -1.714843750 -1.449218750 -0.468750000 -0.808593750 -1.324218750 -0.222656250 -0.363281250 1.062500000 0.074218750 -0.359375000 -1.054687500 -0.453125000 -0.519531250 -0.597656250 -1.324218750 -1.386718750 -1.613281250 -1.832031250 -1.675781250 -1.675781250 -2.109375000 -1.785156250 -1.738281250 -1.785156250 -1.882812500 -1.695312500 -1.695312500 -1.632812500 -1.632812500 -1.632812500 -1.484375000 -1.519531250 -1.808593750 -1.339843750 -1.386718750 -1.312500000 -1.113281250 -0.929687500 
-2.285156250 -1.593750000 -0.960937500 -1.046875000 -1.484375000 -1.632812500 -0.843750000 -1.023437500 -1.539062500 -1.226562500 -0.230468750 0.839843750 -0.910156250 -1.554687500 -2.250000000 -0.632812500 -0.910156250 -0.683593750 -1.324218750 -1.554687500 -1.855468750 -2.109375000 -1.832031250 -1.906250000 -2.285156250 -2.078125000 -1.882812500 -1.933593750 -2.179687500 -1.632812500 -1.906250000 -1.652343750 -1.632812500 -1.714843750 -1.675781250 -1.695312500 -1.593750000 -1.242187500 -1.386718750 -1.226562500 -1.203125000 -1.089843750 
-2.046875000 -2.410156250 -2.453125000 -1.386718750 -1.468750000 -1.613281250 -1.417968750 -1.386718750 -1.695312500 -0.949218750 -0.335937500 0.445312500 -0.707031250 -1.296875000 -1.882812500 -0.808593750 -0.890625000 -0.707031250 -1.339843750 -1.312500000 -1.906250000 -2.214843750 -2.179687500 -2.144531250 -2.410156250 -2.078125000 -1.988281250 -1.988281250 -2.046875000 -1.785156250 -1.832031250 -1.484375000 -1.652343750 -1.808593750 -1.613281250 -1.882812500 -1.675781250 -1.242187500 -1.574218750 -1.386718750 -1.468750000 -1.253906250 
-2.906250000 -2.500000000 -1.933593750 -1.714843750 -1.738281250 -1.808593750 -1.539062500 -2.179687500 -1.652343750 -0.863281250 -0.582031250 -0.136718750 -1.125000000 -1.695312500 -2.179687500 -0.835937500 -1.066406250 -1.593750000 -1.714843750 -1.832031250 -1.933593750 -2.285156250 -2.214843750 -2.109375000 -2.019531250 -1.785156250 -1.761718750 -1.855468750 -1.785156250 -1.906250000 -1.738281250 -1.808593750 -1.675781250 -1.988281250 -1.714843750 -1.761718750 -1.554687500 -1.695312500 -1.574218750 -1.675781250 -1.906250000 -1.738281250 
-2.906250000 -2.500000000 -2.109375000 -1.960937500 -1.574218750 -2.500000000 -2.550781250 -2.500000000 -1.652343750 -1.281250000 -0.949218750 -0.277343750 -1.386718750 -1.988281250 -1.906250000 -0.960937500 -1.468750000 -1.855468750 -1.882812500 -2.078125000 -1.988281250 -2.179687500 -2.078125000 -2.019531250 -2.109375000 -1.695312500 -1.738281250 -1.785156250 -1.988281250 -1.882812500 -1.808593750 -1.738281250 -1.808593750 -1.882812500 -1.933593750 -1.832031250 -1.675781250 -1.832031250 -1.695312500 -1.785156250 -1.906250000 -1.808593750 
-2.773437500 -2.500000000 -2.214843750 -1.933593750 -1.906250000 -2.453125000 -2.453125000 -2.453125000 -2.214843750 -1.554687500 -1.386718750 -0.890625000 -1.339843750 -1.554687500 -1.988281250 -1.214843750 -1.738281250 -1.855468750 -2.179687500 -2.046875000 -2.046875000 -2.144531250 -2.144531250 -2.214843750 -1.988281250 -1.652343750 -1.714843750 -1.832031250 -2.046875000 -1.960937500 -1.988281250 -2.109375000 -1.906250000 -2.179687500 -2.285156250 -1.960937500 -1.855468750 -2.410156250 -2.453125000 -2.250000000 -2.214843750 -1.855468750 
-3.058593750 -2.601562500 -2.835937500 -2.453125000 -1.960937500 -3.148437500 -3.148437500 -2.328125000 -2.214843750 -1.632812500 -1.832031250 -1.468750000 -1.355468750 -1.574218750 -1.988281250 -1.339843750 -1.906250000 -2.109375000 -2.500000000 -2.046875000 -2.710937500 -2.285156250 -2.179687500 -2.601562500 -2.214843750 -2.109375000 -2.367187500 -2.046875000 -2.367187500 -2.500000000 -2.328125000 -2.179687500 -2.144531250 -2.367187500 -2.601562500 -2.214843750 -2.453125000 -2.710937500 -3.058593750 -2.453125000 -2.550781250 -2.078125000 
-3.347656250 -2.453125000 -2.835937500 -2.773437500 -2.601562500 -2.980468750 -2.980468750 -2.285156250 -2.144531250 -2.109375000 -1.574218750 -1.933593750 -1.761718750 -1.449218750 -2.179687500 -2.078125000 -2.109375000 -2.656250000 -2.410156250 -2.179687500 -2.710937500 -2.250000000 -1.855468750 -1.988281250 -2.214843750 -2.179687500 -2.328125000 -2.656250000 -2.410156250 -3.058593750 -2.410156250 -2.367187500 -2.835937500 -2.453125000 -2.656250000 -2.500000000 -2.500000000 -2.980468750 -2.773437500 -2.906250000 -2.980468750 -2.144531250 
-3.937500000 -2.773437500 -2.710937500 -3.058593750 -2.835937500 -3.753906250 -2.906250000 -2.656250000 -2.250000000 -2.285156250 -2.078125000 -2.078125000 -2.214843750 -2.078125000 -3.148437500 -3.148437500 -2.285156250 -2.601562500 -2.710937500 -2.328125000 -2.601562500 -2.328125000 -1.906250000 -2.078125000 -2.550781250 -3.148437500 -3.148437500 -3.058593750 -3.148437500 -3.347656250 -2.835937500 -3.347656250 -3.242187500 -2.835937500 -2.773437500 -2.835937500 -3.464843750 -3.597656250 -2.710937500 -3.347656250 -2.980468750 -2.500000000 
-3.464843750 -3.464843750 -3.597656250 -3.753906250 -3.937500000 -4.445312500 -3.148437500 -2.601562500 -2.656250000 -2.550781250 -2.078125000 -2.109375000 -2.453125000 -2.367187500 -3.148437500 -3.464843750 -3.058593750 -3.148437500 -2.906250000 -3.148437500 -3.058593750 -2.367187500 -2.078125000 -2.078125000 -2.906250000 -3.347656250 -3.242187500 -3.148437500 -3.148437500 -3.242187500 -2.980468750 -3.597656250 -3.753906250 -3.347656250 -3.242187500 -3.148437500 -4.445312500 -4.160156250 -2.773437500 -3.242187500 -2.980468750 -2.835937500 
-5.546875000 -5.546875000 -5.546875000 -5.546875000 -5.546875000 -5.546875000 -5.546875000 -5.546875000 -5.546875000 -5.546875000 -5.546875000 -5.546875000 -5.546875000 -5.546875000 -5.546875000 -5.546875000 -5.546875000 -5.546875000 -5.546875000 -5.546875000 -5.546875000 -5.546875000 -5.546875000 -5.546875000 -5.546875000 -5.546875000 -5.546875000 -5.546875000 -5.546875000 -5.546875000 -5.546875000 -5.546875000 -5.546875000 -5.546875000 -5.546875000 -5.546875000 -5.546875000 -5.546875000 -5.546875000 -5.546875000 -5.546875000 -5.546875000 
-5.546875000 -5.546875000 -5.546875000 -5.546875000 -5.546875000 -5.546875000 -5.546875000 -5.546875000 -5.546875000 -5.546875000 -5.546875000 -5.546875000 -5.546875000 -5.546875000 -5.546875000 -5.546875000 -5.546875000 -5.546875000 -5.546875000 -5.546875000 -5.546875000 -5.546875000 -5.546875000 -5.546875000 -5.546875000 -5.546875000 -5.546875000 -5.546875000 -5.546875000 -5.546875000 -5.546875000 -5.546875000 -5.546875000 -5.546875000 -5.546875000 -5.546875000 -5.546875000 -5.546875000 -5.546875000 -5.546875000 -5.546875000 -5.546875000 
-5.546875000 -5.546875000 -5.546875000 -5.546875000 -5.546875000 -5.546875000 -5.546875000 -5.546875000 -5.546875000 -5.546875000 -5.546875000 -5.546875000 -5.546875000 -5.546875000 -5.546875000 -5.546875000 -5.546875000 -5.546875000 -5.546875000 -5.546875000 -5.546875000 -5.546875000 -5.546875000 -5.546875000 -5.546875000 -5.546875000 -5.546875000 -5.546875000 -5.546875000 -5.546875000 -5.546875000 -5.546875000 -5.546875000 -5.546875000 -5.546875000 -5.546875000 -5.546875000 -5.546875000 -5.546875000 -5.546875000 -5.546875000 -5.546875000 
-5.546875000 -5.546875000 -5.546875000 -5.546875000 -5.546875000 -5.546875000 -5.546875000 -5.546875000 -5.546875000 -5.546875000 -5.546875000 -5.546875000 -5.546875000 -5.546875000 -5.546875000 -5.546875000 -5.546875000 -5.546875000 -5.546875000 -5.546875000 -5.546875000 -5.546875000 -5.546875000 -5.546875000 -5.546875000 -5.546875000 -5.546875000 -5.546875000 -5.546875000 -5.546875000 -5.546875000 -5.546875000 -5.546875000 -5.546875000 -5.546875000 -5.546875000 -5.546875000 -5.546875000 -5.546875000 -5.546875000 -5.546875000 -5.546875000 
-5.546875000 -5.546875000 -5.546875000 -5.546875000 -5.546875000 -5.546875000 -5.546875000 -5.546875000 -5.546875000 -5.546875000 -5.546875000 -5.546875000 -5.546875000 -5.546875000 -5.546875000 -5.546875000 -5.546875000 -5.546875000 -5.546875000 -5.546875000 -5.546875000 -5.546875000 -5.546875000 -5.546875000 -5.546875000 -5.546875000 -5.546875000 -5.546875000 -5.546875000 -5.546875000 -5.546875000 -5.546875000 -5.546875000 -5.546875000 -5.546875000 -5.546875000 -5.546875000 -5.546875000 -5.546875000 -5.546875000 -5.546875000 -5.546875000 
-5.546875000 -5.546875000 -5.546875000 -5.546875000 -5.546875000 -5.546875000 -5.546875000 -5.546875000 -5.546875000 -5.546875000 -5.546875000 -5.546875000 -5.546875000 -5.546875000 -5.546875000 -5.546875000 -5.546875000 -5.546875000 -5.546875000 -5.546875000 -5.546875000 -5.546875000 -5.546875000 -5.546875000 -5.546875000 -5.546875000 -5.546875000 -5.546875000 -5.546875000 -5.546875000 -5.546875000 -5.546875000 -5.546875000 -5.546875000 -5.546875000 -5.546875000 -5.546875000 -5.546875000 -5.546875000 -5.546875000 -5.546875000 -5.546875000 
-3.242187500 -3.597656250 -2.980468750 -2.500000000 -2.250000000 -2.078125000 -2.214843750 -2.656250000 -2.906250000 -2.250000000 -1.855468750 -2.109375000 -3.242187500 -3.347656250 -3.937500000 -3.464843750 -3.464843750 -5.546875000 -3.464843750 -3.464843750 -2.980468750 -3.464843750 -3.464843750 -3.464843750 -2.500000000 -1.675781250 -1.035156250 -0.640625000 -0.656250000 -1.253906250 -1.832031250 -1.988281250 -2.835937500 -2.500000000 -3.242187500 -3.242187500 -2.328125000 -2.710937500 -2.500000000 -2.179687500 -2.410156250 -2.109375000 
-3.242187500 -3.597656250 -2.980468750 -2.500000000 -2.250000000 -2.078125000 -2.214843750 -2.656250000 -2.906250000 -2.250000000 -1.855468750 -2.109375000 -3.242187500 -3.347656250 -3.937500000 -3.464843750 -3.464843750 -5.546875000 -3.464843750 -3.464843750 -2.980468750 -3.464843750 -3.464843750 -3.464843750 -2.500000000 -1.675781250 -1.035156250 -0.640625000 -0.656250000 -1.253906250 -1.832031250 -1.988281250 -2.835937500 -2.500000000 -3.242187500 -3.242187500 -2.328125000 -2.710937500 -2.500000000 -2.179687500 -2.410156250 -2.109375000 
-3.242187500 -3.597656250 -2.980468750 -2.500000000 -2.250000000 -2.078125000 -2.214843750 -2.656250000 -2.906250000 -2.250000000 -1.855468750 -2.109375000 -3.242187500 -3.347656250 -3.937500000 -3.464843750 -3.464843750 -5.546875000 -3.464843750 -3.464843750 -2.980468750 -3.464843750 -3.464843750 -3.464843750 -2.500000000 -1.675781250 -1.035156250 -0.640625000 -0.656250000 -1.253906250 -1.832031250 -1.988281250 -2.835937500 -2.500000000 -3.242187500 -3.242187500 -2.328125000 -2.710937500 -2.500000000 -2.179687500 -2.410156250 -2.109375000 
-5.546875000 -5.546875000 -5.546875000 -5.546875000 -5.546875000 -5.546875000 -5.546875000 -5.546875000 -5.546875000 -5.546875000 -5.546875000 -5.546875000 -5.546875000 -5.546875000 -5.546875000 -5.546875000 -5.546875000 -5.546875000 -5.546875000 -5.546875000 -5.546875000 -5.546875000 -5.546875000 -5.546875000 -5.546875000 -5.546875000 -5.546875000 -5.546875000 -5.546875000 -5.546875000 -5.546875000 -5.546875000 -5.546875000 -5.546875000 -5.546875000 -5.546875000 -5.546875000 -5.546875000 -5.546875000 -5.546875000 -5.546875000 -5.546875000 
-4.160156250 -3.597656250 -3.753906250 -3.753906250 -4.851562500 -4.851562500 -4.160156250 -4.851562500 -4.445312500 -3.937500000 -4.160156250 -4.851562500 -5.546875000 -3.937500000 -4.160156250 -3.347656250 -3.753906250 -3.347656250 -3.464843750 -2.906250000 -3.753906250 -3.937500000 -5.546875000 -3.347656250 -3.753906250 -3.347656250 -3.347656250 -2.710937500 -3.148437500 -3.242187500 -3.597656250 -3.347656250 -2.500000000 -2.601562500 -3.148437500 -3.242187500 -2.835937500 -2.367187500 -2.710937500 -2.906250000 -2.367187500 -2.500000000 
-3.347656250 -3.464843750 -3.058593750 -3.347656250 -3.347656250 -3.242187500 -3.597656250 -4.445312500 -4.160156250 -3.937500000 -3.937500000 -3.937500000 -4.851562500 -3.464843750 -3.347656250 -3.242187500 -3.464843750 -3.464843750 -3.347656250 -2.710937500 -3.937500000 -3.464843750 -3.937500000 -2.980468750 -2.906250000 -2.710937500 -2.179687500 -1.855468750 -2.453125000 -2.773437500 -2.656250000 -2.906250000 -2.410156250 -2.367187500 -2.906250000 -2.835937500 -2.046875000 -1.714843750 -2.179687500 -2.328125000 -2.019531250 -1.882812500 
-3.242187500 -3.242187500 -2.906250000 -3.464843750 -3.058593750 -3.242187500 -3.148437500 -3.464843750 -3.464843750 -3.148437500 -2.906250000 -3.597656250 -3.597656250 -2.773437500 -2.906250000 -2.906250000 -2.906250000 -2.906250000 -3.148437500 -2.710937500 -2.710937500 -2.980468750 -2.773437500 -2.500000000 -2.410156250 -2.550781250 -1.960937500 -1.761718750 -2.019531250 -2.214843750 -2.410156250 -2.250000000 -1.960937500 -2.109375000 -2.250000000 -2.285156250 -1.855468750 -1.695312500 -1.960937500 -2.078125000 -1.738281250 -1.761718750 
-3.242187500 -3.058593750 -2.601562500 -2.328125000 -2.453125000 -2.453125000 -3.058593750 -2.835937500 -3.148437500 -2.550781250 -2.773437500 -3.597656250 -2.773437500 -2.328125000 -2.550781250 -3.753906250 -2.835937500 -2.980468750 -3.058593750 -2.601562500 -2.656250000 -2.710937500 -2.601562500 -2.550781250 -2.179687500 -2.550781250 -1.882812500 -1.402343750 -1.312500000 -1.675781250 -2.144531250 -2.078125000 -2.144531250 -2.250000000 -2.250000000 -2.144531250 -1.761718750 -1.675781250 -1.785156250 -1.855468750 -1.855468750 -1.832031250 
-3.464843750 -3.148437500 -2.601562500 -2.410156250 -2.601562500 -2.500000000 -3.148437500 -2.906250000 -3.058593750 -2.656250000 -2.710937500 -3.597656250 -2.773437500 -2.410156250 -2.773437500 -3.753906250 -3.058593750 -3.058593750 -2.906250000 -2.656250000 -2.656250000 -2.773437500 -2.835937500 -2.656250000 -2.453125000 -2.835937500 -2.250000000 -1.574218750 -1.339843750 -1.785156250 -2.214843750 -2.214843750 -2.328125000 -2.367187500 -2.410156250 -2.214843750 -2.410156250 -2.109375000 -2.179687500 -1.960937500 -2.019531250 -2.328125000 
-3.753906250 -3.148437500 -2.367187500 -2.835937500 -2.710937500 -2.500000000 -2.773437500 -2.835937500 -3.347656250 -2.906250000 -3.242187500 -3.242187500 -2.601562500 -2.601562500 -2.835937500 -3.937500000 -3.242187500 -3.937500000 -3.242187500 -2.773437500 -3.464843750 -3.148437500 -3.058593750 -2.980468750 -2.550781250 -2.906250000 -2.410156250 -1.554687500 -1.402343750 -1.761718750 -2.285156250 -2.500000000 -2.656250000 -2.453125000 -2.710937500 -2.906250000 -2.550781250 -2.109375000 -2.328125000 -1.988281250 -2.144531250 -2.453125000 
-4.445312500 -3.597656250 -3.753906250 -4.851562500 -4.851562500 -3.937500000 -4.445312500 -4.160156250 -3.937500000 -4.160156250 -3.597656250 -3.753906250 -4.851562500 -3.597656250 -3.753906250 -4.160156250 -4.160156250 -5.546875000 -4.160156250 -3.753906250 -4.445312500 -4.445312500 -3.597656250 -3.347656250 -3.937500000 -3.347656250 -2.710937500 -2.710937500 -2.980468750 -2.906250000 -2.601562500 -2.906250000 -3.347656250 -3.148437500 -3.347656250 -3.242187500 -2.906250000 -2.328125000 -2.328125000 -2.179687500 -2.550781250 -2.656250000 
-3.937500000 -3.597656250 -3.937500000 -4.851562500 -4.445312500 -3.937500000 -4.445312500 -4.445312500 -3.753906250 -4.851562500 -3.753906250 -3.597656250 -4.851562500 -3.597656250 -4.445312500 -5.546875000 -5.546875000 -5.546875000 -5.546875000 -5.546875000 -5.546875000 -4.445312500 -4.160156250 -3.597656250 -4.160156250 -3.753906250 -3.058593750 -2.835937500 -3.148437500 -3.058593750 -2.835937500 -3.058593750 -4.160156250 -3.753906250 -4.851562500 -3.937500000 -3.464843750 -2.328125000 -2.550781250 -2.214843750 -2.835937500 -2.980468750 
-4.445312500 -4.160156250 -4.160156250 -4.445312500 -4.445312500 -5.546875000 -5.546875000 -5.546875000 -5.546875000 -4.445312500 -4.160156250 -4.160156250 -4.445312500 -4.160156250 -4.445312500 -5.546875000 -5.546875000 -5.546875000 -5.546875000 -5.546875000 -5.546875000 -4.851562500 -3.753906250 -3.753906250 -5.546875000 -4.851562500 -3.148437500 -2.980468750 -3.937500000 -3.937500000 -2.773437500 -3.464843750 -5.546875000 -3.597656250 -5.546875000 -5.546875000 -3.937500000 -2.601562500 -3.347656250 -2.453125000 -3.753906250 -3.242187500 
-5.546875000 -5.546875000 -5.546875000 -5.546875000 -5.546875000 -5.546875000 -5.546875000 -5.546875000 -5.546875000 -5.546875000 -5.546875000 -5.546875000 -5.546875000 -5.546875000 -5.546875000 -5.546875000 -5.546875000 -5.546875000 -5.546875000 -5.546875000 -5.546875000 -5.546875000 -5.546875000 -5.546875000 -5.546875000 -5.546875000 -5.546875000 -5.546875000 -5.546875000 -5.546875000 -5.546875000 -5.546875000 -5.546875000 -5.546875000 -5.546875000 -5.546875000 -5.546875000 -5.546875000 -5.546875000 -5.546875000 -5.546875000 -5.546875000 
-5.546875000 -5.546875000 -5.546875000 -5.546875000 -5.546875000 -5.546875000 -5.546875000 -5.546875000 -5.546875000 -5.546875000 -5.546875000 -5.546875000 -5.546875000 -5.546875000 -5.546875000 -5.546875000 -5.546875000 -5.546875000 -5.546875000 -5.546875000 -5.546875000 -5.546875000 -5.546875000 -5.546875000 -5.546875000 -5.546875000 -5.546875000 -5.546875000 -5.546875000 -5.546875000 -5.546875000 -5.546875000 -5.546875000 -5.546875000 -5.546875000 -5.546875000 -5.546875000 -5.546875000 -5.546875000 -5.546875000 -5.546875000 -5.546875000 
-5.546875000 -5.546875000 -5.546875000 -5.546875000 -5.546875000 -5.546875000 -5.546875000 -5.546875000 -5.546875000 -5.546875000 -5.546875000 -5.546875000 -5.546875000 -5.546875000 -5.546875000 -5.546875000 -5.546875000 -5.546875000 -5.546875000 -5.546875000 -5.546875000 -5.546875000 -5.546875000 -5.546875000 -5.546875000 -5.546875000 -5.546875000 -5.546875000 -5.546875000 -5.546875000 -5.546875000 -5.546875000 -5.546875000 -5.546875000 -5.546875000 -5.546875000 -5.546875000 -5.546875000 -5.546875000 -5.546875000 -5.546875000 -5.546875000 
-5.546875000 -5.546875000 -5.546875000 -5.546875000 -5.546875000 -5.546875000 -5.546875000 -5.546875000 -5.546875000 -5.546875000 -5.546875000 -5.546875000 -5.546875000 -5.546875000 -5.546875000 -5.546875000 -5.546875000 -5.546875000 -5.546875000 -5.546875000 -5.546875000 -5.546875000 -5.546875000 -5.546875000 -5.546875000 -5.546875000 -5.546875000 -5.546875000 -5.546875000 -5.546875000 -5.546875000 -5.546875000 -5.546875000 -5.546875000 -5.546875000 -5.546875000 -5.546875000 -5.546875000 -5.546875000 -5.546875000 -5.546875000 -5.546875000 
-5.546875000 -5.546875000 -5.546875000 -5.546875000 -5.546875000 -5.546875000 -5.546875000 -5.546875000 -5.546875000 -5.546875000 -5.546875000 -5.546875000 -5.546875000 -5.546875000 -5.546875000 -5.546875000 -5.546875000 -5.546875000 -5.546875000 -5.546875000 -5.546875000 -5.546875000 -5.546875000 -5.546875000 -5.546875000 -5.546875000 -5.546875000 -5.546875000 -5.546875000 -5.546875000 -5.546875000 -5.546875000 -5.546875000 -5.546875000 -5.546875000 -5.546875000 -5.546875000 -5.546875000 -5.546875000 -5.546875000 -5.546875000 -5.546875000 
-5.546875000 -5.546875000 -5.546875000 -5.546875000 -5.546875000 -5.546875000 -5.546875000 -5.546875000 -5.546875000 -5.546875000 -5.546875000 -5.546875000 -5.546875000 -5.546875000 -5.546875000 -5.546875000 -5.546875000 -5.546875000 -5.546875000 -5.546875000 -5.546875000 -5.546875000 -5.546875000 -5.546875000 -5.546875000 -5.546875000 -5.546875000 -5.546875000 -5.546875000 -5.546875000 -5.546875000 -5.546875000 -5.546875000 -5.546875000 -5.546875000 -5.546875000 -5.546875000 -5.546875000 -5.546875000 -5.546875000 -5.546875000 -5.546875000 
-5.546875000 -5.546875000 -5.546875000 -5.546875000 -5.546875000 -5.546875000 -5.546875000 -5.546875000 -5.546875000 -5.546875000 -5.546875000 -5.546875000 -5.546875000 -5.546875000 -5.546875000 -5.546875000 -5.546875000 -5.546875000 -5.546875000 -5.546875000 -5.546875000 -5.546875000 -5.546875000 -5.546875000 -5.546875000 -5.546875000 -5.546875000 -5.546875000 -5.546875000 -5.546875000 -5.546875000 -5.546875000 -5.546875000 -5.546875000 -5.546875000 -5.546875000 -5.546875000 -5.546875000 -5.546875000 -5.546875000 -5.546875000 -5.546875000 
-5.546875000 -5.546875000 -5.546875000 -5.546875000 -5.546875000 -5.546875000 -5.546875000 -5.546875000 -5.546875000 -5.546875000 -5.546875000 -5.546875000 -5.546875000 -5.546875000 -5.546875000 -5.546875000 -5.546875000 -5.546875000 -5.546875000 -5.546875000 -5.546875000 -5.546875000 -5.546875000 -5.546875000 -5.546875000 -5.546875000 -5.546875000 -5.546875000 -5.546875000 -5.546875000 -5.546875000 -5.546875000 -5.546875000 -5.546875000 -5.546875000 -5.546875000 -5.546875000 -5.546875000 -5.546875000 -5.546875000 -5.546875000 -5.546875000 
-5.546875000 -5.546875000 -5.546875000 -5.546875000 -5.546875000 -5.546875000 -5.546875000 -5.546875000 -5.546875000 -5.546875000 -5.546875000 -5.546875000 -5.546875000 -5.546875000 -5.546875000 -5.546875000 -5.546875000 -5.546875000 -5.546875000 -5.546875000 -5.546875000 -5.546875000 -5.546875000 -5.546875000 -5.546875000 -5.546875000 -5.546875000 -5.546875000 -5.546875000 -5.546875000 -5.546875000 -5.546875000 -5.546875000 -5.546875000 -5.546875000 -5.546875000 -5.546875000 -5.546875000 -5.546875000 -5.546875000 -5.546875000 -5.546875000 
-5.546875000 -5.546875000 -5.546875000 -5.546875000 -5.546875000 -5.546875000 -5.546875000 -5.546875000 -5.546875000 -5.546875000 -5.546875000 -5.546875000 -5.546875000 -5.546875000 -5.546875000 -5.546875000 -5.546875000 -5.546875000 -5.546875000 -5.546875000 -5.546875000 -5.546875000 -5.546875000 -5.546875000 -5.546875000 -5.546875000 -5.546875000 -5.546875000 -5.546875000 -5.546875000 -5.546875000 -5.546875000 -5.546875000 -5.546875000 -5.546875000 -5.546875000 -5.546875000 -5.546875000 -5.546875000 -5.546875000 -5.546875000 -5.546875000 
-5.546875000 -5.546875000 -5.546875000 -5.546875000 -5.546875000 -5.546875000 -5.546875000 -5.546875000 -5.546875000 -5.546875000 -5.546875000 -5.546875000 -5.546875000 -5.546875000 -5.546875000 -5.546875000 -5.546875000 -5.546875000 -5.546875000 -5.546875000 -5.546875000 -5.546875000 -5.546875000 -5.546875000 -5.546875000 -5.546875000 -5.546875000 -5.546875000 -5.546875000 -5.546875000 -5.546875000 -5.546875000 -5.546875000 -5.546875000 -5.546875000 -5.546875000 -5.546875000 -5.546875000 -5.546875000 -5.546875000 -5.546875000 -5.546875000 
-5.546875000 -5.546875000 -5.546875000 -5.546875000 -5.546875000 -5.546875000 -5.546875000 -5.546875000 -5.546875000 -5.546875000 -5.546875000 -5.546875000 -5.546875000 -5.546875000 -5.546875000 -5.546875000 -5.546875000 -5.546875000 -5.546875000 -5.546875000 -5.546875000 -5.546875000 -5.546875000 -5.546875000 -5.546875000 -5.546875000 -5.546875000 -5.546875000 -5.546875000 -5.546875000 -5.546875000 -5.546875000 -5.546875000 -5.546875000 -5.546875000 -5.546875000 -5.546875000 -5.546875000 -5.546875000 -5.546875000 -5.546875000 -5.546875000 
-5.546875000 -5.546875000 -5.546875000 -5.546875000 -5.546875000 -5.546875000 -5.546875000 -5.546875000 -5.546875000 -5.546875000 -5.546875000 -5.546875000 -5.546875000 -5.546875000 -5.546875000 -5.546875000 -5.546875000 -5.546875000 -5.546875000 -5.546875000 -5.546875000 -5.546875000 -5.546875000 -5.546875000 -5.546875000 -5.546875000 -5.546875000 -5.546875000 -5.546875000 -5.546875000 -5.546875000 -5.546875000 -5.546875000 -5.546875000 -5.546875000 -5.546875000 -5.546875000 -5.546875000 -5.546875000 -5.546875000 -5.546875000 -5.546875000 
-5.546875000 -5.546875000 -5.546875000 -5.546875000 -5.546875000 -5.546875000 -5.546875000 -5.546875000 -5.546875000 -5.546875000 -5.546875000 -5.546875000 -5.546875000 -5.546875000 -5.546875000 -5.546875000 -5.546875000 -5.546875000 -5.546875000 -5.546875000 -5.546875000 -5.546875000 -5.546875000 -5.546875000 -5.546875000 -5.546875000 -5.546875000 -5.546875000 -5.546875000 -5.546875000 -5.546875000 -5.546875000 -5.546875000 -5.546875000 -5.546875000 -5.546875000 -5.546875000 -5.546875000 -5.546875000 -5.546875000 -5.546875000 -5.546875000 
-5.546875000 -5.546875000 -5.546875000 -5.546875000 -5.546875000 -5.546875000 -5.546875000 -5.546875000 -5.546875000 -5.546875000 -5.546875000 -5.546875000 -5.546875000 -5.546875000 -5.546875000 -5.546875000 -5.546875000 -5.546875000 -5.546875000 -5.546875000 -5.546875000 -5.546875000 -5.546875000 -5.546875000 -5.546875000 -5.546875000 -5.546875000 -5.546875000 -5.546875000 -5.546875000 -5.546875000 -5.546875000 -5.546875000 -5.546875000 -5.546875000 -5.546875000 -5.546875000 -5.546875000 -5.546875000 -5.546875000 -5.546875000 -5.546875000 
-5.546875000 -5.546875000 -5.546875000 -5.546875000 -5.546875000 -5.546875000 -5.546875000 -5.546875000 -5.546875000 -5.546875000 -5.546875000 -5.546875000 -5.546875000 -5.546875000 -5.546875000 -5.546875000 -5.546875000 -5.546875000 -5.546875000 -5.546875000 -5.546875000 -5.546875000 -5.546875000 -5.546875000 -5.546875000 -5.546875000 -5.546875000 -5.546875000 -5.546875000 -5.546875000 -5.546875000 -5.546875000 -5.546875000 -5.546875000 -5.546875000 -5.546875000 -5.546875000 -5.546875000 -5.546875000 -5.546875000 -5.546875000 -5.546875000 
-5.546875000 -5.546875000 -5.546875000 -5.546875000 -5.546875000 -5.546875000 -5.546875000 -5.546875000 -5.546875000 -5.546875000 -5.546875000 -5.546875000 -5.546875000 -5.546875000 -5.546875000 -5.546875000 -5.546875000 -5.546875000 -5.546875000 -5.546875000 -5.546875000 -5.546875000 -5.546875000 -5.546875000 -5.546875000 -5.546875000 -5.546875000 -5.546875000 -5.546875000 -5.546875000 -5.546875000 -5.546875000 -5.546875000 -5.546875000 -5.546875000 -5.546875000 -5.546875000 -5.546875000 -5.546875000 -5.546875000 -5.546875000 -5.546875000 
-5.546875000 -5.546875000 -5.546875000 -5.546875000 -5.546875000 -5.546875000 -5.546875000 -5.546875000 -5.546875000 -5.546875000 -5.546875000 -5.546875000 -5.546875000 -5.546875000 -5.546875000 -5.546875000 -5.546875000 -5.546875000 -5.546875000 -5.546875000 -5.546875000 -5.546875000 -5.546875000 -5.546875000 -5.546875000 -5.546875000 -5.546875000 -5.546875000 -5.546875000 -5.546875000 -5.546875000 -5.546875000 -5.546875000 -5.546875000 -5.546875000 -5.546875000 -5.546875000 -5.546875000 -5.546875000 -5.546875000 -5.546875000 -5.546875000 
-5.546875000 -5.546875000 -5.546875000 -5.546875000 -5.546875000 -5.546875000 -5.546875000 -5.546875000 -5.546875000 -5.546875000 -5.546875000 -5.546875000 -5.546875000 -5.546875000 -5.546875000 -5.546875000 -5.546875000 -5.546875000 -5.546875000 -5.546875000 -5.546875000 -5.546875000 -5.546875000 -5.546875000 -5.546875000 -5.546875000 -5.546875000 -5.546875000 -5.546875000 -5.546875000 -5.546875000 -5.546875000 -5.546875000 -5.546875000 -5.546875000 -5.546875000 -5.546875000 -5.546875000 -5.546875000 -5.546875000 -5.546875000 -5.546875000 

