-5.546875000 -5.546875000 -5.546875000 -5.546875000 -5.546875000 -5.546875000 -5.546875000 -5.546875000 -5.546875000 -5.546875000 -5.546875000 -5.546875000 -5.546875000 -5.546875000 -5.546875000 -5.546875000 -5.546875000 -5.546875000 -4.445312500 -3.753906250 -3.937500000 -3.753906250 -3.753906250 -3.753906250 -3.597656250 -3.597656250 -3.464843750 -3.464843750 -3.464843750 -3.347656250 -3.347656250 -3.937500000 -5.546875000 -5.546875000 -5.546875000 -5.546875000 -5.546875000 -5.546875000 -5.546875000 -4.445312500 -2.835937500 -2.710937500 
-5.546875000 -5.546875000 -5.546875000 -5.546875000 -5.546875000 -5.546875000 -5.546875000 -5.546875000 -5.546875000 -5.546875000 -5.546875000 -5.546875000 -5.546875000 -5.546875000 -5.546875000 -5.546875000 -5.546875000 -5.546875000 -4.445312500 -3.753906250 -3.937500000 -3.753906250 -3.753906250 -3.753906250 -3.597656250 -3.597656250 -3.464843750 -3.464843750 -3.464843750 -3.347656250 -3.347656250 -3.937500000 -5.546875000 -5.546875000 -5.546875000 -5.546875000 -5.546875000 -5.546875000 -5.546875000 -4.445312500 -2.835937500 -2.710937500 
-5.546875000 -5.546875000 -5.546875000 -5.546875000 -5.546875000 -5.546875000 -5.546875000 -5.546875000 -5.546875000 -5.546875000 -5.546875000 -5.546875000 -5.546875000 -5.546875000 -5.546875000 -5.546875000 -5.546875000 -5.546875000 -5.546875000 -5.546875000 -5.546875000 -5.546875000 -5.546875000 -5.546875000 -5.546875000 -5.546875000 -5.546875000 -5.546875000 -5.546875000 -5.546875000 -5.546875000 -5.546875000 -5.546875000 -5.546875000 -5.546875000 -5.546875000 -5.546875000 -5.546875000 -5.546875000 -5.546875000 -5.546875000 -5.546875000 
-5.546875000 -5.546875000 -5.546875000 -5.546875000 -5.546875000 -5.546875000 -5.546875000 -5.546875000 -5.546875000 -5.546875000 -5.546875000 -5.546875000 -5.546875000 -5.546875000 -5.546875000 -5.546875000 -5.546875000 -5.546875000 -5.546875000 -5.546875000 -5.546875000 -5.546875000 -5.546875000 -5.546875000 -5.546875000 -5.546875000 -5.546875000 -5.546875000 -5.546875000 -5.546875000 -5.546875000 -5.546875000 -5.546875000 -5.546875000 -5.546875000 -5.546875000 -5.546875000 -5.546875000 -5.546875000 -5.546875000 -5.546875000 -5.546875000 
-5.546875000 -5.546875000 -5.546875000 -5.546875000 -5.546875000 -5.546875000 -5.546875000 -5.546875000 -5.546875000 -5.546875000 -5.546875000 -5.546875000 -5.546875000 -5.546875000 -5.546875000 -5.546875000 -5.546875000 -5.546875000 -5.546875000 -5.546875000 -5.546875000 -5.546875000 -5.546875000 -5.546875000 -5.546875000 -5.546875000 -5.546875000 -5.546875000 -5.546875000 -5.546875000 -5.546875000 -5.546875000 -5.546875000 -5.546875000 -5.546875000 -5.546875000 -5.546875000 -5.546875000 -5.546875000 -5.546875000 -5.546875000 -5.546875000 
-5.546875000 -5.546875000 -5.546875000 -5.546875000 -5.546875000 -5.546875000 -5.546875000 -5.546875000 -5.546875000 -5.546875000 -5.546875000 -5.546875000 -5.546875000 -5.546875000 -5.546875000 -5.546875000 -5.546875000 -5.546875000 -5.546875000 -5.546875000 -5.546875000 -5.546875000 -5.546875000 -5.546875000 -5.546875000 -5.546875000 -5.546875000 -5.546875000 -5.546875000 -5.546875000 -5.546875000 -5.546875000 -5.546875000 -5.546875000 -5.546875000 -5.546875000 -5.546875000 -5.546875000 -5.546875000 -5.546875000 -5.546875000 -5.546875000 
-5.546875000 -5.546875000 -5.546875000 -5.546875000 -5.546875000 -5.546875000 -5.546875000 -5.546875000 -5.546875000 -5.546875000 -5.546875000 -5.546875000 -5.546875000 -5.546875000 -5.546875000 -5.546875000 -5.546875000 -5.546875000 -5.546875000 -5.546875000 -5.546875000 -5.546875000 -5.546875000 -5.546875000 -5.546875000 -5.546875000 -5.546875000 -5.546875000 -5.546875000 -5.546875000 -5.546875000 -5.546875000 -5.546875000 -5.546875000 -5.546875000 -5.546875000 -5.546875000 -5.546875000 -5.546875000 -5.546875000 -5.546875000 -5.546875000 
-5.546875000 -5.546875000 -5.546875000 -5.546875000 -5.546875000 -5.546875000 -5.546875000 -5.546875000 -5.546875000 -5.546875000 -5.546875000 -5.546875000 -5.546875000 -5.546875000 -5.546875000 -5.546875000 -5.546875000 -5.546875000 -5.546875000 -5.546875000 -5.546875000 -5.546875000 -5.546875000 -5.546875000 -5.546875000 -5.546875000 -5.546875000 -5.546875000 -5.546875000 -5.546875000 -5.546875000 -5.546875000 -5.546875000 -5.546875000 -5.546875000 -5.546875000 -5.546875000 -5.546875000 -5.546875000 -5.546875000 -5.546875000 -5.546875000 
-5.546875000 -5.546875000 -5.546875000 -5.546875000 -5.546875000 -5.546875000 -5.546875000 -5.546875000 -5.546875000 -5.546875000 -5.546875000 -5.546875000 -5.546875000 -5.546875000 -5.546875000 -5.546875000 -5.546875000 -5.546875000 -5.546875000 -5.546875000 -5.546875000 -5.546875000 -5.546875000 -5.546875000 -5.546875000 -5.546875000 -5.546875000 -5.546875000 -5.546875000 -5.546875000 -5.546875000 -5.546875000 -5.546875000 -5.546875000 -5.546875000 -5.546875000 -5.546875000 -5.546875000 -5.546875000 -5.546875000 -5.546875000 -5.546875000 
-5.546875000 -5.546875000 -5.546875000 -5.546875000 -5.546875000 -5.546875000 -5.546875000 -5.546875000 -5.546875000 -5.546875000 -5.546875000 -5.546875000 -5.546875000 -5.546875000 -5.546875000 -5.546875000 -5.546875000 -5.546875000 -5.546875000 -5.546875000 -5.546875000 -5.546875000 -5.546875000 -5.546875000 -5.546875000 -5.546875000 -5.546875000 -5.546875000 -5.546875000 -5.546875000 -5.546875000 -5.546875000 -5.546875000 -5.546875000 -5.546875000 -5.546875000 -5.546875000 -5.546875000 -5.546875000 -5.546875000 -5.546875000 -5.546875000 
-5.546875000 -5.546875000 -5.546875000 -5.546875000 -5.546875000 -5.546875000 -5.546875000 -5.546875000 -5.546875000 -5.546875000 -5.546875000 -5.546875000 -5.546875000 -5.546875000 -5.546875000 -5.546875000 -5.546875000 -5.546875000 -5.546875000 -5.546875000 -5.546875000 -5.546875000 -5.546875000 -5.546875000 -5.546875000 -5.546875000 -5.546875000 -5.546875000 -5.546875000 -5.546875000 -5.546875000 -5.546875000 -5.546875000 -5.546875000 -5.546875000 -5.546875000 -5.546875000 -5.546875000 -5.546875000 -5.546875000 -5.546875000 -5.546875000 
-5.546875000 -5.546875000 -5.546875000 -5.546875000 -5.546875000 -5.546875000 -5.546875000 -5.546875000 -5.546875000 -5.546875000 -5.546875000 -5.546875000 -5.546875000 -5.546875000 -5.546875000 -5.546875000 -5.546875000 -5.546875000 -5.546875000 -5.546875000 -5.546875000 -5.546875000 -5.546875000 -5.546875000 -5.546875000 -5.546875000 -5.546875000 -5.546875000 -5.546875000 -5.546875000 -5.546875000 -5.546875000 -5.546875000 -5.546875000 -5.546875000 -5.546875000 -5.546875000 -5.546875000 -5.546875000 -5.546875000 -5.546875000 -5.546875000 
-5.546875000 -5.546875000 -5.546875000 -5.546875000 -5.546875000 -5.546875000 -5.546875000 -5.546875000 -5.546875000 -5.546875000 -5.546875000 -5.546875000 -5.546875000 -5.546875000 -5.546875000 -5.546875000 -5.546875000 -5.546875000 -5.546875000 -5.546875000 -5.546875000 -5.546875000 -5.546875000 -5.546875000 -5.546875000 -5.546875000 -5.546875000 -5.546875000 -5.546875000 -5.546875000 -5.546875000 -5.546875000 -5.546875000 -5.546875000 -5.546875000 -5.546875000 -5.546875000 -5.546875000 -5.546875000 -5.546875000 -5.546875000 -5.546875000 
-5.546875000 -5.546875000 -5.546875000 -5.546875000 -5.546875000 -5.546875000 -5.546875000 -5.546875000 -5.546875000 -5.546875000 -5.546875000 -5.546875000 -5.546875000 -5.546875000 -5.546875000 -5.546875000 -5.546875000 -5.546875000 -5.546875000 -5.546875000 -5.546875000 -5.546875000 -5.546875000 -5.546875000 -5.546875000 -5.546875000 -5.546875000 -5.546875000 -5.546875000 -5.546875000 -5.546875000 -5.546875000 -5.546875000 -5.546875000 -5.546875000 -5.546875000 -5.546875000 -5.546875000 -5.546875000 -5.546875000 -5.546875000 -5.546875000 
-5.546875000 -5.546875000 -5.546875000 -5.546875000 -5.546875000 -5.546875000 -5.546875000 -5.546875000 -5.546875000 -5.546875000 -5.546875000 -5.546875000 -5.546875000 -5.546875000 -5.546875000 -5.546875000 -5.546875000 -5.546875000 -5.546875000 -5.546875000 -5.546875000 -5.546875000 -5.546875000 -5.546875000 -5.546875000 -5.546875000 -5.546875000 -5.546875000 -5.546875000 -5.546875000 -5.546875000 -5.546875000 -5.546875000 -5.546875000 -5.546875000 -5.546875000 -5.546875000 -5.546875000 -5.546875000 -5.546875000 -5.546875000 -5.546875000 
-5.546875000 -5.546875000 -5.546875000 -5.546875000 -5.546875000 -5.546875000 -5.546875000 -5.546875000 -5.546875000 -5.546875000 -5.546875000 -5.546875000 -5.546875000 -5.546875000 -5.546875000 -5.546875000 -5.546875000 -5.546875000 -5.546875000 -5.546875000 -5.546875000 -5.546875000 -5.546875000 -5.546875000 -5.546875000 -5.546875000 -5.546875000 -5.546875000 -5.546875000 -5.546875000 -5.546875000 -5.546875000 -5.546875000 -5.546875000 -5.546875000 -5.546875000 -5.546875000 -5.546875000 -5.546875000 -5.546875000 -5.546875000 -5.546875000 
-5.546875000 -5.546875000 -5.546875000 -5.546875000 -5.546875000 -5.546875000 -5.546875000 -5.546875000 -5.546875000 -5.546875000 -5.546875000 -5.546875000 -5.546875000 -5.546875000 -5.546875000 -5.546875000 -5.546875000 -5.546875000 -5.546875000 -5.546875000 -5.546875000 -5.546875000 -5.546875000 -5.546875000 -5.546875000 -5.546875000 -5.546875000 -5.546875000 -5.546875000 -5.546875000 -5.546875000 -5.546875000 -5.546875000 -5.546875000 -5.546875000 -5.546875000 -5.546875000 -5.546875000 -5.546875000 -5.546875000 -5.546875000 -5.546875000 
-5.546875000 -5.546875000 -5.546875000 -5.546875000 -5.546875000 -5.546875000 -5.546875000 -5.546875000 -5.546875000 -5.546875000 -5.546875000 -5.546875000 -5.546875000 -5.546875000 -5.546875000 -5.546875000 -5.546875000 -5.546875000 -5.546875000 -5.546875000 -5.546875000 -5.546875000 -5.546875000 -5.546875000 -5.546875000 -5.546875000 -5.546875000 -5.546875000 -5.546875000 -5.546875000 -5.546875000 -5.546875000 -5.546875000 -5.546875000 -5.546875000 -5.546875000 -5.546875000 -5.546875000 -5.546875000 -5.546875000 -5.546875000 -5.546875000 
-5.546875000 -5.546875000 -5.546875000 -5.546875000 -5.546875000 -5.546875000 -5.546875000 -5.546875000 -5.546875000 -5.546875000 -5.546875000 -5.546875000 -5.546875000 -5.546875000 -5.546875000 -5.546875000 -5.546875000 -5.546875000 -5.546875000 -5.546875000 -5.546875000 -5.546875000 -5.546875000 -5.546875000 -5.546875000 -5.546875000 -5.546875000 -5.546875000 -5.546875000 -5.546875000 -5.546875000 -5.546875000 -5.546875000 -5.546875000 -5.546875000 -5.546875000 -5.546875000 -5.546875000 -5.546875000 -5.546875000 -5.546875000 -5.546875000 
-5.546875000 -5.546875000 -5.546875000 -5.546875000 -5.546875000 -5.546875000 -5.546875000 -5.546875000 -5.546875000 -5.546875000 -5.546875000 -5.546875000 -5.546875000 -5.546875000 -5.546875000 -5.546875000 -5.546875000 -5.546875000 -5.546875000 -5.546875000 -5.546875000 -5.546875000 -5.546875000 -5.546875000 -5.546875000 -5.546875000 -5.546875000 -5.546875000 -5.546875000 -5.546875000 -5.546875000 -5.546875000 -5.546875000 -5.546875000 -5.546875000 -5.546875000 -5.546875000 -5.546875000 -5.546875000 -5.546875000 -5.546875000 -5.546875000 
-5.546875000 -5.546875000 -5.546875000 -5.546875000 -5.546875000 -5.546875000 -5.546875000 -5.546875000 -5.546875000 -5.546875000 -5.546875000 -5.546875000 -5.546875000 -5.546875000 -5.546875000 -5.546875000 -5.546875000 -5.546875000 -5.546875000 -5.546875000 -5.546875000 -5.546875000 -5.546875000 -5.546875000 -5.546875000 -5.546875000 -5.546875000 -5.546875000 -5.546875000 -5.546875000 -5.546875000 -5.546875000 -5.546875000 -5.546875000 -5.546875000 -5.546875000 -5.546875000 -5.546875000 -5.546875000 -5.546875000 -5.546875000 -5.546875000 
-5.546875000 -5.546875000 -5.546875000 -5.546875000 -5.546875000 -5.546875000 -5.546875000 -5.546875000 -5.546875000 -5.546875000 -5.546875000 -5.546875000 -5.546875000 -5.546875000 -5.546875000 -5.546875000 -5.546875000 -5.546875000 -5.546875000 -5.546875000 -5.546875000 -5.546875000 -5.546875000 -5.546875000 -5.546875000 -5.546875000 -5.546875000 -5.546875000 -5.546875000 -5.546875000 -5.546875000 -5.546875000 -5.546875000 -5.546875000 -5.546875000 -5.546875000 -5.546875000 -5.546875000 -5.546875000 -5.546875000 -5.546875000 -5.546875000 
-5.546875000 -5.546875000 -5.546875000 -5.546875000 -5.546875000 -5.546875000 -5.546875000 -5.546875000 -5.546875000 -5.546875000 -5.546875000 -5.546875000 -5.546875000 -5.546875000 -5.546875000 -5.546875000 -5.546875000 -5.546875000 -5.546875000 -5.546875000 -5.546875000 -5.546875000 -5.546875000 -5.546875000 -5.546875000 -5.546875000 -5.546875000 -5.546875000 -5.546875000 -5.546875000 -5.546875000 -5.546875000 -5.546875000 -5.546875000 -5.546875000 -5.546875000 -5.546875000 -5.546875000 -5.546875000 -5.546875000 -5.546875000 -5.546875000 
-5.546875000 -5.546875000 -5.546875000 -5.546875000 -5.546875000 -5.546875000 -5.546875000 -5.546875000 -5.546875000 -5.546875000 -5.546875000 -5.546875000 -5.546875000 -5.546875000 -5.546875000 -5.546875000 -5.546875000 -5.546875000 -5.546875000 -5.546875000 -5.546875000 -5.546875000 -5.546875000 -5.546875000 -5.546875000 -5.546875000 -5.546875000 -5.546875000 -5.546875000 -5.546875000 -5.546875000 -5.546875000 -5.546875000 -5.546875000 -5.546875000 -5.546875000 -5.546875000 -5.546875000 -5.546875000 -5.546875000 -5.546875000 -5.546875000 
-5.546875000 -5.546875000 -5.546875000 -5.546875000 -5.546875000 -5.546875000 -5.546875000 -5.546875000 -5.546875000 -5.546875000 -5.546875000 -5.546875000 -5.546875000 -5.546875000 -5.546875000 -5.546875000 -5.546875000 -5.546875000 -5.546875000 -5.546875000 -5.546875000 -5.546875000 -5.546875000 -5.546875000 -5.546875000 -5.546875000 -5.546875000 -5.546875000 -5.546875000 -5.546875000 -5.546875000 -5.546875000 -5.546875000 -5.546875000 -5.546875000 -5.546875000 -5.546875000 -5.546875000 -5.546875000 -5.546875000 -5.546875000 -5.546875000 
-5.546875000 -5.546875000 -5.546875000 -5.546875000 -5.546875000 -5.546875000 -5.546875000 -5.546875000 -5.546875000 -5.546875000 -5.546875000 -5.546875000 -5.546875000 -5.546875000 -5.546875000 -5.546875000 -5.546875000 -5.546875000 -5.546875000 -5.546875000 -5.546875000 -5.546875000 -5.546875000 -5.546875000 -5.546875000 -5.546875000 -5.546875000 -5.546875000 -5.546875000 -5.546875000 -5.546875000 -5.546875000 -5.546875000 -5.546875000 -5.546875000 -5.546875000 -5.546875000 -5.546875000 -5.546875000 -5.546875000 -5.546875000 -5.546875000 
-5.546875000 -5.546875000 -5.546875000 -5.546875000 -5.546875000 -5.546875000 -5.546875000 -5.546875000 -5.546875000 -5.546875000 -5.546875000 -5.546875000 -5.546875000 -5.546875000 -5.546875000 -5.546875000 -5.546875000 -5.546875000 -5.546875000 -5.546875000 -5.546875000 -5.546875000 -5.546875000 -5.546875000 -5.546875000 -5.546875000 -5.546875000 -5.546875000 -5.546875000 -5.546875000 -5.546875000 -5.546875000 -5.546875000 -5.546875000 -5.546875000 -5.546875000 -5.546875000 -5.546875000 -5.546875000 -5.546875000 -5.546875000 -5.546875000 
-5.546875000 -5.546875000 -5.546875000 -5.546875000 -5.546875000 -5.546875000 -5.546875000 -5.546875000 -5.546875000 -5.546875000 -5.546875000 -5.546875000 -5.546875000 -5.546875000 -5.546875000 -5.546875000 -5.546875000 -5.546875000 -5.546875000 -5.546875000 -5.546875000 -5.546875000 -5.546875000 -5.546875000 -5.546875000 -5.546875000 -5.546875000 -5.546875000 -5.546875000 -5.546875000 -5.546875000 -5.546875000 -5.546875000 -5.546875000 -5.546875000 -5.546875000 -5.546875000 -5.546875000 -5.546875000 -5.546875000 -5.546875000 -5.546875000 
-5.546875000 -5.546875000 -5.546875000 -5.546875000 -5.546875000 -5.546875000 -5.546875000 -5.546875000 -5.546875000 -5.546875000 -5.546875000 -5.546875000 -5.546875000 -5.546875000 -5.546875000 -5.546875000 -5.546875000 -5.546875000 -5.546875000 -5.546875000 -5.546875000 -5.546875000 -5.546875000 -5.546875000 -5.546875000 -5.546875000 -5.546875000 -5.546875000 -5.546875000 -5.546875000 -5.546875000 -5.546875000 -5.546875000 -5.546875000 -5.546875000 -5.546875000 -5.546875000 -5.546875000 -5.546875000 -5.546875000 -5.546875000 -5.546875000 
-5.546875000 -5.546875000 -5.546875000 -5.546875000 -5.546875000 -5.546875000 -5.546875000 -5.546875000 -5.546875000 -5.546875000 -5.546875000 -5.546875000 -5.546875000 -5.546875000 -5.546875000 -5.546875000 -5.546875000 -5.546875000 -5.546875000 -5.546875000 -5.546875000 -5.546875000 -5.546875000 -5.546875000 -5.546875000 -5.546875000 -5.546875000 -5.546875000 -5.546875000 -5.546875000 -5.546875000 -5.546875000 -5.546875000 -5.546875000 -5.546875000 -5.546875000 -5.546875000 -5.546875000 -5.546875000 -5.546875000 -5.546875000 -5.546875000 
-5.546875000 -5.546875000 -5.546875000 -5.546875000 -5.546875000 -5.546875000 -5.546875000 -5.546875000 -5.546875000 -5.546875000 -5.546875000 -5.546875000 -5.546875000 -5.546875000 -5.546875000 -5.546875000 -5.546875000 -5.546875000 -5.546875000 -5.546875000 -5.546875000 -5.546875000 -5.546875000 -5.546875000 -5.546875000 -5.546875000 -5.546875000 -5.546875000 -5.546875000 -5.546875000 -5.546875000 -5.546875000 -5.546875000 -5.546875000 -5.546875000 -5.546875000 -5.546875000 -5.546875000 -5.546875000 -5.546875000 -5.546875000 -5.546875000 
-5.546875000 -5.546875000 -5.546875000 -5.546875000 -5.546875000 -5.546875000 -5.546875000 -5.546875000 -5.546875000 -5.546875000 -5.546875000 -5.546875000 -5.546875000 -5.546875000 -5.546875000 -5.546875000 -5.546875000 -5.546875000 -5.546875000 -5.546875000 -5.546875000 -5.546875000 -5.546875000 -5.546875000 -5.546875000 -5.546875000 -5.546875000 -5.546875000 -5.546875000 -5.546875000 -5.546875000 -5.546875000 -5.546875000 -5.546875000 -5.546875000 -5.546875000 -5.546875000 -5.546875000 -5.546875000 -5.546875000 -5.546875000 -5.546875000 
-5.546875000 -5.546875000 -5.546875000 -5.546875000 -5.546875000 -5.546875000 -5.546875000 -5.546875000 -5.546875000 -5.546875000 -5.546875000 -5.546875000 -5.546875000 -5.546875000 -5.546875000 -5.546875000 -5.546875000 -5.546875000 -5.546875000 -5.546875000 -5.546875000 -5.546875000 -5.546875000 -5.546875000 -5.546875000 -5.546875000 -5.546875000 -5.546875000 -5.546875000 -5.546875000 -5.546875000 -5.546875000 -5.546875000 -5.546875000 -5.546875000 -5.546875000 -5.546875000 -5.546875000 -5.546875000 -5.546875000 -5.546875000 -5.546875000 
-5.546875000 -5.546875000 -5.546875000 -5.546875000 -5.546875000 -5.546875000 -5.546875000 -5.546875000 -5.546875000 -5.546875000 -5.546875000 -5.546875000 -5.546875000 -5.546875000 -5.546875000 -5.546875000 -5.546875000 -5.546875000 -5.546875000 -5.546875000 -5.546875000 -5.546875000 -5.546875000 -5.546875000 -5.546875000 -5.546875000 -5.546875000 -5.546875000 -5.546875000 -5.546875000 -5.546875000 -5.546875000 -5.546875000 -5.546875000 -5.546875000 -5.546875000 -5.546875000 -5.546875000 -5.546875000 -5.546875000 -5.546875000 -5.546875000 
-5.546875000 -5.546875000 -5.546875000 -5.546875000 -5.546875000 -5.546875000 -5.546875000 -5.546875000 -5.546875000 -5.546875000 -5.546875000 -5.546875000 -5.546875000 -5.546875000 -5.546875000 -5.546875000 -5.546875000 -5.546875000 -5.546875000 -5.546875000 -5.546875000 -5.546875000 -5.546875000 -5.546875000 -5.546875000 -5.546875000 -5.546875000 -5.546875000 -5.546875000 -5.546875000 -5.546875000 -5.546875000 -5.546875000 -5.546875000 -5.546875000 -5.546875000 -5.546875000 -5.546875000 -5.546875000 -5.546875000 -5.546875000 -5.546875000 
-2.500000000 -2.601562500 -2.410156250 -2.550781250 -2.453125000 -2.453125000 -2.410156250 -2.500000000 -2.500000000 -2.601562500 -2.601562500 -2.906250000 -3.148437500 -3.597656250 -4.160156250 -5.546875000 -5.546875000 -4.160156250 -3.347656250 -3.347656250 -3.242187500 -3.347656250 -4.160156250 -5.546875000 -5.546875000 -4.445312500 -3.464843750 -3.464843750 -5.546875000 -5.546875000 -5.546875000 -5.546875000 -5.546875000 -5.546875000 -5.546875000 -5.546875000 -5.546875000 -5.546875000 -5.546875000 -5.546875000 -5.546875000 -5.546875000 
1.843750000 1.906250000 2.332031250 2.339843750 2.277343750 2.148437500 2.289062500 2.222656250 1.820312500 1.511718750 1.269531250 0.761718750 0.207031250 0.367187500 0.363281250 0.402343750 0.175781250 -0.242187500 -0.148437500 0.371093750 0.636718750 0.539062500 1.085937500 1.679687500 2.031250000 1.968750000 1.644531250 1.113281250 1.929687500 2.378906250 2.312500000 1.910156250 0.984375000 0.234375000 -0.292968750 -0.664062500 -0.828125000 -1.113281250 -1.035156250 -0.960937500 -1.000000000 -1.011718750 
2.109375000 2.496093750 2.300781250 2.804687500 2.636718750 3.269531250 3.234375000 3.132812500 2.203125000 1.777343750 1.453125000 1.027343750 1.132812500 1.160156250 0.953125000 0.703125000 0.742187500 0.851562500 0.562500000 0.964843750 1.433593750 1.085937500 1.636718750 2.519531250 3.035156250 2.625000000 1.531250000 1.734375000 1.640625000 2.945312500 3.328125000 2.804687500 1.824218750 1.359375000 1.210937500 1.144531250 1.082031250 1.242187500 0.984375000 1.023437500 1.035156250 1.062500000 
2.027343750 2.964843750 2.324218750 2.972656250 2.597656250 3.621093750 3.281250000 3.269531250 1.933593750 1.230468750 0.597656250 0.554687500 0.464843750 -0.007812500 0.113281250 0.062500000 -0.308593750 0.003906250 0.089843750 0.968750000 1.207031250 1.613281250 2.144531250 2.714843750 3.347656250 2.828125000 1.488281250 2.085937500 2.019531250 3.375000000 3.671875000 2.828125000 0.414062500 -0.312500000 -0.765625000 -0.734375000 -0.339843750 0.296875000 -0.488281250 -0.921875000 -1.046875000 -0.871093750 
2.484375000 3.214843750 2.507812500 3.191406250 2.980468750 3.730468750 3.257812500 3.406250000 1.945312500 0.843750000 0.734375000 0.640625000 0.511718750 0.769531250 0.195312500 -0.128906250 -0.519531250 -0.156250000 0.246093750 0.781250000 1.339843750 1.730468750 2.542968750 2.910156250 3.437500000 3.046875000 1.937500000 2.406250000 2.531250000 3.632812500 3.781250000 3.003906250 1.652343750 1.250000000 0.984375000 0.914062500 0.925781250 0.972656250 0.800781250 0.792968750 0.753906250 0.808593750 
2.488281250 3.343750000 2.714843750 3.214843750 3.015625000 3.722656250 3.242187500 3.257812500 2.359375000 1.796875000 1.687500000 1.433593750 1.531250000 1.464843750 1.265625000 1.398437500 1.339843750 1.316406250 1.324218750 1.316406250 1.453125000 1.792968750 2.832031250 2.937500000 3.570312500 3.500000000 2.617187500 2.750000000 2.742187500 3.761718750 3.714843750 3.117187500 1.628906250 1.109375000 1.152343750 1.132812500 1.085937500 1.125000000 1.261718750 1.207031250 1.234375000 1.265625000 
2.875000000 3.351562500 2.847656250 3.046875000 2.585937500 3.687500000 2.906250000 3.441406250 2.597656250 2.296875000 2.152343750 2.000000000 1.921875000 1.738281250 1.726562500 1.605468750 1.582031250 1.593750000 1.617187500 1.554687500 1.886718750 2.089843750 2.972656250 2.832031250 3.304687500 3.496093750 2.968750000 3.199218750 3.085937500 3.894531250 3.777343750 2.890625000 1.386718750 0.308593750 0.160156250 0.339843750 0.621093750 0.777343750 0.445312500 0.464843750 0.511718750 0.636718750 
3.031250000 3.335937500 2.882812500 2.941406250 2.812500000 3.726562500 2.863281250 3.617187500 2.339843750 2.023437500 1.855468750 1.714843750 1.425781250 1.375000000 1.066406250 1.132812500 1.078125000 1.070312500 1.074218750 1.257812500 1.343750000 1.550781250 2.957031250 3.093750000 3.156250000 3.453125000 3.292968750 3.445312500 3.210937500 4.000000000 3.808593750 3.062500000 1.898437500 1.351562500 1.324218750 1.238281250 1.246093750 1.289062500 1.234375000 1.203125000 1.195312500 1.218750000 
2.878906250 3.417968750 2.914062500 3.015625000 2.792968750 3.750000000 3.187500000 3.691406250 2.136718750 2.046875000 1.542968750 1.488281250 1.390625000 1.382812500 1.390625000 1.160156250 1.078125000 0.960937500 0.964843750 0.933593750 0.894531250 1.382812500 2.921875000 3.167968750 3.007812500 3.175781250 3.359375000 3.652343750 3.203125000 3.980468750 3.785156250 2.933593750 1.585937500 1.351562500 1.281250000 1.257812500 1.296875000 1.441406250 1.339843750 1.339843750 1.378906250 1.425781250 
2.671875000 3.523437500 3.226562500 3.132812500 2.855468750 3.773437500 3.074218750 3.644531250 2.269531250 1.734375000 1.292968750 0.730468750 0.710937500 0.457031250 0.335937500 0.117187500 -0.320312500 -0.292968750 -0.597656250 0.464843750 0.144531250 0.750000000 2.699218750 3.074218750 2.867187500 2.878906250 3.324218750 3.675781250 3.187500000 3.988281250 3.757812500 2.871093750 1.527343750 1.003906250 0.500000000 0.207031250 0.386718750 0.824218750 0.066406250 -0.101562500 -0.191406250 -0.207031250 
2.835937500 3.558593750 3.085937500 3.140625000 2.757812500 3.839843750 3.140625000 3.367187500 2.117187500 1.500000000 1.296875000 1.039062500 0.511718750 0.660156250 0.339843750 0.316406250 -0.046875000 0.070312500 0.160156250 0.636718750 0.574218750 1.128906250 2.273437500 2.933593750 2.757812500 2.800781250 3.148437500 3.742187500 3.230468750 3.894531250 3.664062500 2.753906250 1.625000000 0.953125000 0.519531250 0.402343750 0.609375000 0.820312500 0.347656250 0.171875000 0.105468750 0.144531250 
2.734375000 3.488281250 3.152343750 3.164062500 2.769531250 3.812500000 2.734375000 3.039062500 1.937500000 1.250000000 1.125000000 1.218750000 0.753906250 0.851562500 0.695312500 0.699218750 0.582031250 0.597656250 0.562500000 0.730468750 0.757812500 1.261718750 2.187500000 2.929687500 2.953125000 2.871093750 3.031250000 3.750000000 3.273437500 3.828125000 3.609375000 2.683593750 1.289062500 0.910156250 0.617187500 0.546875000 0.703125000 0.992187500 0.484375000 0.519531250 0.562500000 0.609375000 
2.609375000 3.371093750 3.035156250 3.246093750 2.531250000 3.746093750 2.289062500 2.691406250 1.941406250 1.410156250 1.261718750 1.035156250 1.105468750 0.859375000 0.769531250 0.792968750 0.562500000 0.601562500 0.429687500 0.496093750 0.261718750 0.414062500 1.863281250 2.789062500 2.914062500 2.804687500 2.777343750 3.683593750 3.164062500 3.703125000 3.488281250 2.570312500 1.335937500 1.035156250 0.914062500 0.890625000 0.914062500 1.195312500 0.828125000 0.878906250 0.902343750 0.925781250 
2.660156250 3.320312500 2.925781250 3.363281250 2.808593750 3.734375000 2.585937500 1.980468750 0.996093750 1.296875000 1.062500000 1.121093750 0.902343750 1.003906250 0.992187500 0.789062500 0.808593750 0.796875000 0.644531250 0.847656250 0.765625000 0.996093750 1.832031250 2.835937500 2.886718750 2.562500000 2.726562500 3.578125000 3.128906250 3.570312500 3.367187500 2.656250000 1.613281250 1.367187500 1.222656250 1.121093750 1.027343750 1.296875000 1.250000000 1.242187500 1.265625000 1.300781250 
2.839843750 3.363281250 2.808593750 3.421875000 2.859375000 3.640625000 2.199218750 1.855468750 0.691406250 0.703125000 0.796875000 0.781250000 0.722656250 0.628906250 0.421875000 0.441406250 0.503906250 0.414062500 0.101562500 0.082031250 0.316406250 0.320312500 1.296875000 2.781250000 2.679687500 2.222656250 2.566406250 3.390625000 2.851562500 3.351562500 3.167968750 2.613281250 1.281250000 1.039062500 0.859375000 0.828125000 0.875000000 1.078125000 0.921875000 0.917968750 0.863281250 0.890625000 
2.722656250 3.371093750 2.851562500 3.437500000 2.816406250 3.464843750 2.253906250 1.660156250 0.960937500 0.410156250 -0.031250000 -0.066406250 -0.648437500 -0.589843750 -0.125000000 -0.156250000 -0.335937500 -0.464843750 -0.496093750 -0.476562500 -0.191406250 -0.093750000 1.253906250 2.519531250 2.578125000 2.042968750 2.253906250 3.066406250 2.535156250 3.023437500 3.046875000 2.375000000 0.578125000 0.167968750 -0.054687500 -0.054687500 0.218750000 0.644531250 -0.019531250 -0.136718750 -0.246093750 -0.203125000 
2.511718750 3.281250000 3.062500000 3.359375000 2.898437500 3.191406250 1.863281250 1.492187500 0.496093750 -0.468750000 -0.816406250 -1.125000000 -1.503906250 -1.386718750 -0.968750000 -1.078125000 -1.785156250 -1.468750000 -1.906250000 -1.253906250 -0.808593750 -0.296875000 1.230468750 2.128906250 2.246093750 1.750000000 1.964843750 2.722656250 2.160156250 2.914062500 2.925781250 2.378906250 0.234375000 -0.910156250 -1.632812500 -1.242187500 -0.078125000 0.289062500 -1.101562500 -1.187500000 -1.125000000 -1.125000000 
2.382812500 3.027343750 2.628906250 3.058593750 2.765625000 2.882812500 1.917968750 0.984375000 0.128906250 -0.250000000 -0.843750000 -1.519531250 -1.503906250 -1.242187500 -1.035156250 -1.187500000 -0.992187500 -1.023437500 -1.417968750 -0.910156250 -0.648437500 -0.121093750 1.308593750 1.875000000 1.917968750 1.632812500 1.515625000 2.238281250 1.878906250 2.417968750 2.480468750 2.046875000 0.375000000 -0.414062500 -0.609375000 -0.542968750 -0.156250000 -0.066406250 -0.691406250 -0.671875000 -0.582031250 -0.726562500 
2.007812500 2.390625000 2.621093750 2.683593750 2.507812500 2.375000000 1.562500000 1.464843750 0.804687500 0.804687500 0.582031250 0.484375000 0.363281250 0.246093750 0.261718750 0.234375000 0.175781250 0.152343750 0.136718750 0.125000000 -0.070312500 0.082031250 0.832031250 1.347656250 1.660156250 1.453125000 1.417968750 1.789062500 1.671875000 2.195312500 2.195312500 1.812500000 -0.023437500 -0.675781250 -0.453125000 -0.535156250 -0.242187500 -0.082031250 -0.363281250 -0.246093750 -0.070312500 -0.199218750 
1.363281250 2.300781250 1.609375000 1.996093750 1.281250000 1.910156250 1.207031250 1.308593750 0.578125000 0.117187500 0.023437500 -0.089843750 -0.152343750 -0.199218750 -0.230468750 -0.246093750 -0.242187500 -0.277343750 -0.324218750 -0.296875000 -0.230468750 -0.402343750 0.742187500 1.023437500 0.699218750 0.167968750 0.628906250 1.023437500 1.011718750 1.652343750 1.398437500 0.535156250 -0.476562500 -0.960937500 -0.648437500 -0.691406250 -0.664062500 -0.488281250 -0.589843750 -0.570312500 -0.562500000 -0.625000000 
1.179687500 2.117187500 2.015625000 1.867187500 1.726562500 1.785156250 0.546875000 0.898437500 -0.453125000 -1.046875000 -1.761718750 -1.960937500 -1.539062500 -1.855468750 -2.078125000 -2.019531250 -1.933593750 -2.328125000 -2.144531250 -1.960937500 -1.152343750 -0.339843750 0.113281250 0.667968750 0.730468750 0.347656250 0.722656250 0.910156250 0.683593750 1.628906250 1.375000000 0.339843750 -0.929687500 -1.417968750 -1.484375000 -1.519531250 -1.593750000 -1.324218750 -1.164062500 -1.296875000 -1.386718750 -1.484375000 
1.011718750 1.792968750 1.308593750 1.632812500 1.328125000 1.664062500 0.101562500 0.734375000 -1.136718750 -1.539062500 -1.960937500 -2.214843750 -1.960937500 -1.855468750 -2.500000000 -2.410156250 -2.046875000 -2.109375000 -2.144531250 -1.632812500 -1.203125000 -0.464843750 -0.101562500 0.628906250 0.542968750 0.195312500 0.636718750 0.777343750 0.558593750 1.511718750 1.335937500 0.093750000 -1.417968750 -1.503906250 -1.433593750 -1.574218750 -1.402343750 -1.226562500 -1.449218750 -1.355468750 -1.296875000 -1.281250000 
0.800781250 1.636718750 1.109375000 1.535156250 1.000000000 1.562500000 -0.031250000 0.800781250 -0.609375000 -1.152343750 -1.714843750 -1.539062500 -1.519531250 -1.785156250 -2.250000000 -2.453125000 -1.832031250 -1.988281250 -2.835937500 -2.109375000 -1.386718750 -0.562500000 0.019531250 0.175781250 0.003906250 -0.132812500 0.457031250 0.542968750 0.128906250 1.160156250 0.796875000 -0.277343750 -1.652343750 -1.652343750 -1.539062500 -1.402343750 -1.269531250 -1.226562500 -1.054687500 -1.175781250 -1.023437500 -1.023437500 
0.679687500 1.312500000 1.222656250 1.433593750 0.984375000 1.542968750 -0.156250000 0.808593750 -0.515625000 -0.808593750 -1.054687500 -1.281250000 -1.449218750 -1.433593750 -1.539062500 -1.808593750 -1.593750000 -1.832031250 -1.855468750 -1.632812500 -1.738281250 -1.054687500 0.062500000 0.121093750 -0.218750000 -0.292968750 0.070312500 0.390625000 0.285156250 0.718750000 0.632812500 -0.464843750 -1.355468750 -1.355468750 -1.324218750 -1.113281250 -1.339843750 -1.324218750 -1.269531250 -1.226562500 -1.125000000 -1.046875000 
-0.574218750 0.730468750 0.925781250 1.375000000 0.886718750 1.406250000 0.125000000 0.710937500 -0.296875000 -0.675781250 -0.910156250 -1.000000000 -1.136718750 -1.078125000 -1.253906250 -1.339843750 -1.281250000 -1.371093750 -1.324218750 -1.371093750 -1.574218750 -1.023437500 0.070312500 -0.199218750 -0.218750000 -0.375000000 0.218750000 0.402343750 -0.007812500 0.710937500 0.500000000 -0.386718750 -1.023437500 -1.089843750 -1.226562500 -1.035156250 -1.226562500 -1.066406250 -1.035156250 -0.992187500 -1.296875000 -1.023437500 
-0.617187500 0.796875000 0.484375000 1.113281250 0.382812500 1.148437500 0.199218750 0.328125000 -1.503906250 -2.328125000 -2.835937500 -2.367187500 -2.179687500 -2.601562500 -2.250000000 -2.019531250 -2.773437500 -2.601562500 -1.933593750 -2.601562500 -2.019531250 -1.371093750 -0.332031250 -0.570312500 -0.261718750 -0.457031250 -0.035156250 0.066406250 -0.289062500 0.644531250 0.437500000 -0.546875000 -1.269531250 -1.386718750 -1.519531250 -1.187500000 -1.402343750 -1.253906250 -1.281250000 -1.226562500 -0.980468750 -1.281250000 
-0.632812500 0.859375000 0.523437500 0.929687500 0.382812500 1.027343750 -0.105468750 0.078125000 -1.632812500 -1.960937500 -2.500000000 -2.410156250 -2.328125000 -2.710937500 -2.835937500 -2.835937500 -2.980468750 -2.656250000 -2.285156250 -2.550781250 -2.410156250 -1.761718750 -0.941406250 -0.457031250 -0.183593750 -0.562500000 -0.121093750 -0.042968750 -0.265625000 0.492187500 0.296875000 -0.648437500 -1.554687500 -1.593750000 -1.554687500 -1.371093750 -1.386718750 -1.484375000 -1.574218750 -1.066406250 -1.281250000 -1.214843750 
-0.218750000 0.851562500 0.433593750 1.007812500 0.351562500 0.886718750 -0.445312500 -0.265625000 -1.593750000 -2.656250000 -2.906250000 -2.656250000 -2.656250000 -2.835937500 -2.710937500 -2.835937500 -2.906250000 -2.656250000 -2.550781250 -2.550781250 -2.214843750 -1.808593750 -1.066406250 -0.507812500 -0.414062500 -0.992187500 -0.554687500 -0.273437500 -0.347656250 0.011718750 0.152343750 -0.800781250 -1.695312500 -1.539062500 -1.652343750 -1.402343750 -1.554687500 -1.554687500 -1.371093750 -1.089843750 -1.175781250 -1.214843750 
-0.609375000 0.683593750 0.425781250 0.996093750 0.464843750 0.937500000 -0.609375000 -0.519531250 -0.890625000 -1.386718750 -1.371093750 -1.554687500 -1.554687500 -1.386718750 -1.574218750 -1.539062500 -1.632812500 -1.675781250 -1.906250000 -1.714843750 -1.988281250 -1.675781250 -1.046875000 -0.750000000 -0.871093750 -1.187500000 -0.625000000 -0.597656250 -0.476562500 -0.101562500 -0.011718750 -0.750000000 -1.296875000 -1.402343750 -1.695312500 -1.187500000 -1.226562500 -1.296875000 -1.187500000 -1.046875000 -1.226562500 -1.011718750 
-0.402343750 0.550781250 0.160156250 0.839843750 0.554687500 0.843750000 -0.843750000 -0.464843750 -1.035156250 -1.832031250 -1.855468750 -1.417968750 -1.281250000 -1.960937500 -2.019531250 -2.078125000 -2.179687500 -2.078125000 -2.144531250 -2.109375000 -1.906250000 -1.855468750 -1.035156250 -0.535156250 -0.910156250 -0.890625000 -0.671875000 -0.527343750 -0.398437500 0.121093750 -0.066406250 -0.683593750 -0.535156250 -1.000000000 -1.519531250 -1.417968750 -1.355468750 -1.296875000 -1.386718750 -1.203125000 -1.089843750 -1.066406250 
-0.750000000 0.414062500 -0.058593750 0.527343750 0.375000000 0.910156250 -0.132812500 -0.718750000 -1.503906250 -1.695312500 -2.019531250 -2.019531250 -2.078125000 -2.214843750 -2.179687500 -2.250000000 -2.214843750 -1.988281250 -2.550781250 -2.328125000 -2.656250000 -2.109375000 -0.574218750 -0.398437500 -0.085937500 -0.699218750 -0.750000000 -0.457031250 -0.488281250 0.136718750 -0.386718750 0.023437500 0.246093750 0.160156250 0.351562500 -0.375000000 -0.265625000 0.195312500 -1.324218750 -1.484375000 -1.269531250 -1.089843750 
-0.816406250 0.281250000 0.335937500 0.312500000 0.105468750 0.882812500 0.019531250 -0.605468750 -1.652343750 -1.761718750 -2.179687500 -2.453125000 -2.109375000 -2.019531250 -2.410156250 -2.214843750 -2.656250000 -2.328125000 -2.250000000 -2.410156250 -2.250000000 -1.933593750 -0.464843750 -0.250000000 0.054687500 -0.542968750 -0.414062500 0.316406250 -0.082031250 0.414062500 0.292968750 1.105468750 1.179687500 1.203125000 0.855468750 -0.121093750 0.503906250 0.734375000 -0.597656250 -1.433593750 -1.175781250 -0.742187500 
-0.921875000 0.078125000 0.257812500 0.406250000 0.027343750 0.523437500 -0.093750000 -0.535156250 -1.785156250 -1.738281250 -1.574218750 -1.988281250 -2.214843750 -1.738281250 -1.695312500 -1.933593750 -2.601562500 -2.453125000 -2.078125000 -2.019531250 -1.960937500 -1.808593750 -0.500000000 -0.167968750 0.152343750 -0.117187500 0.035156250 0.828125000 0.320312500 0.339843750 0.335937500 1.417968750 1.605468750 1.398437500 1.472656250 0.699218750 0.917968750 1.046875000 -0.156250000 -0.800781250 -1.101562500 -0.437500000 
-0.882812500 -0.148437500 0.082031250 0.398437500 -0.468750000 -0.136718750 -0.175781250 -0.425781250 -1.371093750 -1.484375000 -1.761718750 -2.250000000 -2.078125000 -1.613281250 -1.554687500 -2.214843750 -2.109375000 -2.078125000 -2.285156250 -1.960937500 -2.078125000 -1.652343750 -0.707031250 -0.167968750 -0.003906250 -0.128906250 0.218750000 1.000000000 0.300781250 0.320312500 0.898437500 1.906250000 1.980468750 1.597656250 1.769531250 0.910156250 1.222656250 1.269531250 0.351562500 -0.113281250 -0.246093750 0.144531250 
-1.960937500 -0.335937500 -0.046875000 0.273437500 -0.515625000 -0.289062500 -0.910156250 -0.363281250 -1.468750000 -2.046875000 -1.855468750 -1.906250000 -1.695312500 -1.613281250 -1.433593750 -2.710937500 -2.410156250 -2.250000000 -1.855468750 -1.714843750 -1.761718750 -1.695312500 -0.476562500 -0.582031250 -0.046875000 0.148437500 0.230468750 0.972656250 0.527343750 0.304687500 0.949218750 2.125000000 2.136718750 1.683593750 1.695312500 1.101562500 1.480468750 1.511718750 0.269531250 -0.128906250 -0.156250000 0.078125000 
-1.808593750 -0.351562500 -0.519531250 0.230468750 -0.414062500 -0.222656250 -0.757812500 -0.609375000 -1.449218750 -2.250000000 -2.367187500 -2.500000000 -1.960937500 -1.066406250 -1.675781250 -1.832031250 -2.046875000 -2.019531250 -2.179687500 -1.519531250 -1.214843750 -1.433593750 -0.554687500 -0.457031250 -0.199218750 0.058593750 0.074218750 0.972656250 0.417968750 1.121093750 1.250000000 2.273437500 2.410156250 1.898437500 1.753906250 1.203125000 1.328125000 1.625000000 1.003906250 -0.414062500 -0.781250000 0.019531250 
-2.367187500 -0.414062500 -0.296875000 0.140625000 -0.902343750 -0.476562500 -0.765625000 -0.800781250 -1.554687500 -1.855468750 -2.601562500 -3.148437500 -1.675781250 -1.164062500 -1.386718750 -2.109375000 -2.367187500 -3.058593750 -2.906250000 -2.109375000 -1.632812500 -1.554687500 -0.656250000 -0.312500000 -0.238281250 0.066406250 0.406250000 0.976562500 0.238281250 1.113281250 1.609375000 2.730468750 2.554687500 2.128906250 1.535156250 1.214843750 1.320312500 1.726562500 1.136718750 -0.398437500 -0.562500000 0.000000000 
-1.988281250 -0.519531250 -0.757812500 0.000000000 -0.960937500 -1.281250000 -0.808593750 -0.816406250 -1.503906250 -2.367187500 -2.906250000 -3.148437500 -1.695312500 -1.324218750 -2.019531250 -2.214843750 -2.710937500 -2.550781250 -2.179687500 -1.882812500 -2.285156250 -1.468750000 -0.843750000 -0.296875000 0.066406250 -0.082031250 0.257812500 0.984375000 0.078125000 1.179687500 1.980468750 2.878906250 2.585937500 2.226562500 1.796875000 1.050781250 0.906250000 1.605468750 1.199218750 -0.078125000 -0.242187500 -0.257812500 
-1.988281250 -0.949218750 -0.691406250 -0.289062500 -1.269531250 -1.164062500 -0.792968750 -1.125000000 -1.785156250 -2.773437500 -2.773437500 -2.500000000 -2.453125000 -1.832031250 -1.593750000 -1.906250000 -2.835937500 -1.832031250 -1.695312500 -1.761718750 -2.078125000 -1.296875000 -0.675781250 -0.019531250 0.066406250 -0.167968750 0.429687500 0.941406250 0.296875000 0.937500000 1.937500000 2.796875000 2.585937500 2.218750000 1.781250000 0.945312500 0.789062500 1.425781250 1.164062500 0.183593750 -0.113281250 -0.015625000 
-2.179687500 -1.269531250 -1.519531250 -0.320312500 -0.910156250 -1.253906250 -1.355468750 -1.417968750 -1.386718750 -2.179687500 -2.656250000 -2.179687500 -1.960937500 -2.019531250 -2.285156250 -2.285156250 -1.785156250 -1.339843750 -1.519531250 -1.539062500 -1.832031250 -0.902343750 -0.433593750 -0.152343750 -0.078125000 -0.078125000 0.261718750 0.750000000 0.023437500 0.773437500 2.269531250 2.656250000 2.636718750 1.867187500 1.695312500 0.738281250 0.695312500 1.160156250 0.765625000 -0.058593750 -0.289062500 -0.246093750 
-2.773437500 -1.855468750 -1.738281250 -0.332031250 -1.164062500 -1.152343750 -1.203125000 -2.179687500 -1.933593750 -2.214843750 -2.250000000 -1.855468750 -1.652343750 -1.632812500 -1.855468750 -2.019531250 -1.808593750 -1.554687500 -1.593750000 -2.285156250 -1.882812500 -1.175781250 -0.476562500 -0.496093750 -0.351562500 0.320312500 0.542968750 0.519531250 0.246093750 0.648437500 2.128906250 2.480468750 2.625000000 1.589843750 0.863281250 0.367187500 0.703125000 0.996093750 0.605468750 -0.570312500 -0.781250000 -0.542968750 
-3.464843750 -2.109375000 -1.808593750 -0.390625000 -1.296875000 -1.539062500 -0.843750000 -1.554687500 -1.574218750 -2.410156250 -2.656250000 -1.960937500 -1.832031250 -1.808593750 -1.554687500 -1.808593750 -2.019531250 -1.855468750 -1.832031250 -1.882812500 -1.761718750 -0.882812500 -0.632812500 -0.750000000 -0.640625000 0.304687500 0.515625000 0.726562500 0.691406250 1.191406250 2.140625000 2.375000000 2.265625000 1.281250000 0.910156250 0.441406250 0.347656250 0.945312500 0.089843750 -0.691406250 -0.871093750 -0.617187500 
-2.980468750 -1.960937500 -2.214843750 -0.617187500 -1.203125000 -1.855468750 -0.941406250 -1.214843750 -1.652343750 -2.550781250 -2.656250000 -2.019531250 -1.554687500 -1.503906250 -2.019531250 -1.695312500 -1.738281250 -1.785156250 -2.179687500 -1.960937500 -1.402343750 -0.640625000 -0.437500000 -0.726562500 -0.562500000 0.398437500 0.683593750 0.570312500 0.558593750 1.691406250 1.707031250 1.757812500 1.738281250 0.578125000 0.277343750 -0.011718750 -0.230468750 0.507812500 -0.273437500 -0.902343750 -1.023437500 -0.800781250 
-2.453125000 -2.179687500 -1.933593750 -0.742187500 -1.386718750 -2.109375000 -0.949218750 -1.281250000 -2.179687500 -2.214843750 -2.550781250 -2.656250000 -1.675781250 -1.652343750 -2.453125000 -2.250000000 -2.980468750 -2.214843750 -2.453125000 -2.328125000 -1.855468750 -0.664062500 -0.507812500 -0.816406250 -0.863281250 0.285156250 0.718750000 0.511718750 0.527343750 1.667968750 1.417968750 1.371093750 1.449218750 0.398437500 0.300781250 -0.136718750 -0.414062500 0.179687500 -0.750000000 -1.484375000 -1.355468750 -1.242187500 
-3.148437500 -2.500000000 -1.402343750 -0.960937500 -1.882812500 -1.281250000 -1.675781250 -1.554687500 -1.023437500 -1.519531250 -2.285156250 -2.078125000 -1.468750000 -1.519531250 -1.832031250 -2.500000000 -2.453125000 -2.019531250 -2.078125000 -1.988281250 -1.539062500 -0.554687500 -0.527343750 -0.632812500 -0.800781250 0.023437500 0.363281250 0.367187500 0.535156250 1.585937500 0.531250000 0.921875000 0.355468750 -0.039062500 -0.093750000 -0.597656250 -0.960937500 -0.570312500 -1.046875000 -1.449218750 -1.296875000 -1.324218750 
-2.144531250 -1.203125000 -0.843750000 -1.226562500 -1.882812500 -1.449218750 -1.417968750 -1.539062500 -1.187500000 -1.855468750 -2.078125000 -2.500000000 -2.285156250 -1.613281250 -1.906250000 -2.078125000 -2.214843750 -2.179687500 -2.500000000 -2.328125000 -1.988281250 -1.386718750 -1.175781250 -0.890625000 -1.125000000 -0.175781250 -0.261718750 0.089843750 0.199218750 1.031250000 0.121093750 0.347656250 0.218750000 -0.058593750 -0.570312500 -1.164062500 -1.164062500 -0.800781250 -1.226562500 -1.574218750 -1.242187500 -1.296875000 
-2.144531250 -0.871093750 -1.023437500 -0.902343750 -1.574218750 -1.519531250 -1.339843750 -1.695312500 -1.203125000 -1.960937500 -2.019531250 -2.179687500 -2.328125000 -1.714843750 -1.933593750 -2.367187500 -2.500000000 -2.285156250 -2.550781250 -2.601562500 -1.906250000 -1.371093750 -1.417968750 -1.011718750 -1.484375000 -0.843750000 -0.871093750 -0.496093750 -0.082031250 -0.082031250 -0.238281250 0.113281250 -0.082031250 -0.335937500 -0.800781250 -1.152343750 -1.312500000 -1.269531250 -1.269531250 -1.281250000 -1.066406250 -1.125000000 
-1.312500000 -0.800781250 -0.828125000 -0.734375000 -1.449218750 -1.613281250 -1.593750000 -2.250000000 -2.046875000 -2.453125000 -3.058593750 -2.550781250 -2.656250000 -2.835937500 -2.453125000 -2.906250000 -2.710937500 -2.500000000 -2.550781250 -2.410156250 -2.109375000 -1.714843750 -1.468750000 -1.695312500 -1.906250000 -1.539062500 -1.281250000 -1.101562500 -1.023437500 -0.773437500 -0.707031250 -0.507812500 -0.437500000 -0.535156250 -1.136718750 -1.613281250 -1.519531250 -1.433593750 -1.242187500 -1.324218750 -1.089843750 -1.054687500 
-1.785156250 -1.000000000 -1.296875000 -0.890625000 -2.078125000 -1.855468750 -1.906250000 -2.367187500 -3.058593750 -2.835937500 -3.058593750 -2.601562500 -2.906250000 -2.601562500 -2.500000000 -3.148437500 -3.597656250 -2.710937500 -2.500000000 -2.550781250 -2.144531250 -1.519531250 -1.632812500 -2.328125000 -2.144531250 -2.179687500 -1.519531250 -1.832031250 -1.652343750 -1.226562500 -0.699218750 -0.828125000 -0.625000000 -0.816406250 -1.468750000 -1.632812500 -1.554687500 -1.539062500 -1.539062500 -1.433593750 -1.011718750 -1.187500000 
-1.519531250 -1.324218750 -1.402343750 -1.281250000 -2.078125000 -2.250000000 -2.980468750 -3.242187500 -2.980468750 -3.464843750 -3.464843750 -3.464843750 -3.148437500 -3.347656250 -2.773437500 -3.464843750 -3.347656250 -3.148437500 -2.773437500 -2.773437500 -2.328125000 -1.882812500 -1.960937500 -2.601562500 -2.550781250 -2.550781250 -2.046875000 -1.988281250 -1.933593750 -1.417968750 -0.863281250 -0.871093750 -0.902343750 -0.800781250 -1.593750000 -1.761718750 -1.808593750 -1.882812500 -1.738281250 -1.519531250 -1.152343750 -1.386718750 
-2.601562500 -2.285156250 -2.019531250 -1.882812500 -2.328125000 -2.410156250 -3.058593750 -3.464843750 -3.937500000 -3.464843750 -3.753906250 -3.347656250 -3.937500000 -3.464843750 -2.773437500 -3.242187500 -3.347656250 -3.242187500 -3.242187500 -3.347656250 -3.058593750 -2.550781250 -2.453125000 -2.906250000 -2.980468750 -3.242187500 -2.500000000 -2.285156250 -2.144531250 -1.503906250 -1.000000000 -1.136718750 -1.386718750 -1.312500000 -1.738281250 -2.179687500 -2.078125000 -2.328125000 -2.453125000 -2.019531250 -1.371093750 -1.355468750 
-2.835937500 -2.835937500 -2.550781250 -2.601562500 -2.773437500 -2.980468750 -3.148437500 -3.464843750 -4.445312500 -3.937500000 -3.597656250 -3.464843750 -3.753906250 -3.937500000 -3.242187500 -3.464843750 -3.597656250 -3.347656250 -3.464843750 -3.464843750 -3.242187500 -3.937500000 -2.773437500 -3.597656250 -3.148437500 -3.753906250 -3.347656250 -2.500000000 -2.285156250 -1.714843750 -1.371093750 -1.652343750 -1.808593750 -1.554687500 -2.250000000 -2.250000000 -2.980468750 -2.710937500 -2.656250000 -2.179687500 -1.988281250 -1.933593750 
-4.851562500 -4.445312500 -4.445312500 -5.546875000 -4.445312500 -3.937500000 -3.937500000 -4.160156250 -5.546875000 -4.445312500 -3.753906250 -3.753906250 -4.160156250 -4.851562500 -3.347656250 -3.753906250 -4.851562500 -3.753906250 -3.937500000 -4.851562500 -3.937500000 -4.160156250 -4.160156250 -4.851562500 -4.445312500 -4.445312500 -3.597656250 -3.597656250 -2.906250000 -2.656250000 -2.601562500 -2.500000000 -2.410156250 -2.500000000 -2.656250000 -3.148437500 -3.753906250 -3.937500000 -3.347656250 -2.906250000 -2.656250000 -2.550781250 
-5.546875000 -5.546875000 -5.546875000 -5.546875000 -5.546875000 -5.546875000 -5.546875000 -5.546875000 -5.546875000 -5.546875000 -5.546875000 -5.546875000 -5.546875000 -5.546875000 -5.546875000 -5.546875000 -5.546875000 -5.546875000 -5.546875000 -5.546875000 -5.546875000 -5.546875000 -5.546875000 -5.546875000 -5.546875000 -5.546875000 -5.546875000 -5.546875000 -5.546875000 -5.546875000 -5.546875000 -5.546875000 -5.546875000 -5.546875000 -5.546875000 -5.546875000 -5.546875000 -5.546875000 -5.546875000 -5.546875000 -5.546875000 -5.546875000 
-5.546875000 -5.546875000 -5.546875000 -5.546875000 -5.546875000 -5.546875000 -5.546875000 -5.546875000 -5.546875000 -5.546875000 -5.546875000 -5.546875000 -5.546875000 -5.546875000 -5.546875000 -5.546875000 -5.546875000 -5.546875000 -5.546875000 -5.546875000 -5.546875000 -5.546875000 -5.546875000 -5.546875000 -5.546875000 -5.546875000 -5.546875000 -5.546875000 -5.546875000 -5.546875000 -5.546875000 -5.546875000 -5.546875000 -5.546875000 -5.546875000 -5.546875000 -5.546875000 -5.546875000 -5.546875000 -5.546875000 -5.546875000 -5.546875000 
-5.546875000 -5.546875000 -5.546875000 -5.546875000 -5.546875000 -5.546875000 -5.546875000 -5.546875000 -5.546875000 -5.546875000 -5.546875000 -5.546875000 -5.546875000 -5.546875000 -5.546875000 -5.546875000 -5.546875000 -5.546875000 -5.546875000 -5.546875000 -5.546875000 -5.546875000 -5.546875000 -5.546875000 -5.546875000 -5.546875000 -5.546875000 -5.546875000 -5.546875000 -5.546875000 -5.546875000 -5.546875000 -5.546875000 -5.546875000 -5.546875000 -5.546875000 -5.546875000 -5.546875000 -5.546875000 -5.546875000 -5.546875000 -5.546875000 
-5.546875000 -5.546875000 -5.546875000 -5.546875000 -5.546875000 -5.546875000 -5.546875000 -5.546875000 -5.546875000 -5.546875000 -5.546875000 -5.546875000 -5.546875000 -5.546875000 -5.546875000 -5.546875000 -5.546875000 -5.546875000 -5.546875000 -5.546875000 -5.546875000 -5.546875000 -5.546875000 -5.546875000 -5.546875000 -5.546875000 -5.546875000 -5.546875000 -5.546875000 -5.546875000 -5.546875000 -5.546875000 -5.546875000 -5.546875000 -5.546875000 -5.546875000 -5.546875000 -5.546875000 -5.546875000 -5.546875000 -5.546875000 -5.546875000 
-5.546875000 -5.546875000 -5.546875000 -5.546875000 -5.546875000 -5.546875000 -5.546875000 -5.546875000 -5.546875000 -5.546875000 -5.546875000 -5.546875000 -5.546875000 -5.546875000 -5.546875000 -5.546875000 -5.546875000 -5.546875000 -5.546875000 -5.546875000 -5.546875000 -5.546875000 -5.546875000 -5.546875000 -5.546875000 -5.546875000 -5.546875000 -5.546875000 -5.546875000 -5.546875000 -5.546875000 -5.546875000 -5.546875000 -5.546875000 -5.546875000 -5.546875000 -5.546875000 -5.546875000 -5.546875000 -5.546875000 -5.546875000 -5.546875000 
-5.546875000 -5.546875000 -5.546875000 -5.546875000 -5.546875000 -5.546875000 -5.546875000 -5.546875000 -5.546875000 -5.546875000 -5.546875000 -5.546875000 -5.546875000 -5.546875000 -5.546875000 -5.546875000 -5.546875000 -5.546875000 -5.546875000 -5.546875000 -5.546875000 -5.546875000 -5.546875000 -5.546875000 -5.546875000 -5.546875000 -5.546875000 -5.546875000 -5.546875000 -5.546875000 -5.546875000 -5.546875000 -5.546875000 -5.546875000 -5.546875000 -5.546875000 -5.546875000 -5.546875000 -5.546875000 -5.546875000 -5.546875000 -5.546875000 
-5.546875000 -5.546875000 -5.546875000 -5.546875000 -5.546875000 -5.546875000 -5.546875000 -5.546875000 -5.546875000 -5.546875000 -5.546875000 -5.546875000 -5.546875000 -5.546875000 -5.546875000 -5.546875000 -5.546875000 -5.546875000 -5.546875000 -5.546875000 -5.546875000 -5.546875000 -5.546875000 -5.546875000 -5.546875000 -5.546875000 -5.546875000 -5.546875000 -5.546875000 -5.546875000 -5.546875000 -5.546875000 -5.546875000 -5.546875000 -5.546875000 -5.546875000 -5.546875000 -5.546875000 -5.546875000 -5.546875000 -5.546875000 -5.546875000 
-5.546875000 -5.546875000 -5.546875000 -5.546875000 -5.546875000 -5.546875000 -5.546875000 -5.546875000 -5.546875000 -5.546875000 -5.546875000 -5.546875000 -5.546875000 -5.546875000 -5.546875000 -5.546875000 -5.546875000 -5.546875000 -5.546875000 -5.546875000 -5.546875000 -5.546875000 -5.546875000 -5.546875000 -5.546875000 -5.546875000 -5.546875000 -5.546875000 -5.546875000 -5.546875000 -5.546875000 -5.546875000 -5.546875000 -5.546875000 -5.546875000 -5.546875000 -5.546875000 -5.546875000 -5.546875000 -5.546875000 -5.546875000 -5.546875000 
-5.546875000 -5.546875000 -5.546875000 -5.546875000 -5.546875000 -5.546875000 -5.546875000 -5.546875000 -5.546875000 -5.546875000 -5.546875000 -5.546875000 -5.546875000 -5.546875000 -5.546875000 -5.546875000 -5.546875000 -5.546875000 -5.546875000 -5.546875000 -5.546875000 -5.546875000 -5.546875000 -5.546875000 -5.546875000 -5.546875000 -5.546875000 -5.546875000 -5.546875000 -5.546875000 -5.546875000 -5.546875000 -5.546875000 -5.546875000 -5.546875000 -5.546875000 -5.546875000 -5.546875000 -5.546875000 -5.546875000 -5.546875000 -5.546875000 

